// MilkShape 3D ASCII

Frames: 1
Frame: 1

Meshes: 1
"Mesh_music_filed_Material1" 1 0
16
1 0.494287 0.142747 0.494287 2.147622 -1.147622 1
1 -0.699027 0.142747 0.000000 -1.830089 0.500000 1
1 -0.494286 0.142747 0.494287 -1.147621 -1.147622 1
1 0.000000 0.142747 0.699027 0.500001 -1.830090 1
1 0.494287 0.084747 0.494287 2.147622 -1.147622 1
1 0.494287 0.084747 -0.494286 2.147622 2.147621 1
1 0.699027 0.084747 0.000000 2.830089 0.500000 1
1 0.000000 0.084747 0.699027 0.500001 -1.830090 1
1 -0.494286 0.084747 0.494287 -1.147621 -1.147622 1
1 -0.699027 0.084747 0.000000 -1.830089 0.500000 1
1 0.000000 0.084747 -0.699027 0.500001 2.830090 1
1 -0.494286 0.084747 -0.494286 -1.147621 2.147621 1
1 0.000000 0.142747 -0.699027 0.500001 2.830090 1
1 -0.494286 0.142747 -0.494286 -1.147621 2.147621 1
1 0.699027 0.142747 0.000000 2.830089 0.500000 1
1 0.494287 0.142747 -0.494286 2.147622 2.147621 1
2
0.000000 1.000000 0.000000
0.000000 -1.000000 0.000000
12
1 0 1 2 0 0 0 0
1 0 2 3 0 0 0 0
1 4 5 6 1 1 1 0
1 4 7 8 1 1 1 0
1 4 8 9 1 1 1 0
1 4 10 5 1 1 1 0
1 4 9 11 1 1 1 0
1 4 11 10 1 1 1 0
1 0 12 13 0 0 0 0
1 0 14 15 0 0 0 0
1 0 15 12 0 0 0 0
1 0 13 1 0 0 0 0

Materials: 1
"Material"
1.000000 1.000000 1.000000 1.000000
1.000000 1.000000 1.000000 1.000000
0.000000 0.000000 0.000000 1.000000
0.000000 0.000000 0.000000 1.000000
51.200001
1.000000
"ami.png"
""

Bones: 2
"Frame_SCENE_ROOT"
""
0 0.000000 0.000000 0.000000 0.000000 -0.000000 0.000000
0
0
"Frame1_music_filed_Layer1"
"Frame_SCENE_ROOT"
0 0.000000 0.000000 0.000000 0.000000 -0.000000 0.000000
0
0
GroupComments: 0
MaterialComments: 0
BoneComments: 0
ModelComment: 0
