// MilkShape 3D ASCII

Frames: 500
Frame: 1

Meshes: 3
"Mesh_dan_bg1_Material" 0 0
6
1 0.155365 -0.017285 -0.074100 1.000000 0.859592 1
1 -0.155365 -0.017285 -0.074100 0.000000 0.859592 1
1 -0.141855 -0.017285 -0.097500 0.043478 0.935296 1
1 0.141855 -0.017285 -0.097500 0.956522 0.935296 1
1 -0.013510 -0.017285 0.171600 0.456522 0.064704 1
1 0.013510 -0.017285 0.171600 0.543478 0.064704 1
1
0.000000 -1.000000 0.000000
4
1 0 1 2 0 0 0 0
1 0 2 3 0 0 0 0
1 0 4 1 0 0 0 0
1 0 5 4 0 0 0 0
"Mesh_dan_bg1_Material1" 0 1
14
1 -0.155365 -0.017285 -0.074100 0.348834 1.000000 1
1 -0.141855 0.017285 -0.097500 0.370795 0.000000 1
1 -0.141855 -0.017285 -0.097500 0.370795 1.000000 1
1 0.013510 -0.017285 0.171600 0.984073 1.000000 1
1 -0.013510 0.017285 0.171600 1.015927 0.000000 1
1 -0.013510 -0.017285 0.171600 1.015927 1.000000 1
1 0.141855 -0.017285 -0.097500 0.629205 1.000000 1
1 0.155365 0.017285 -0.074100 0.651166 0.000000 1
1 0.155365 -0.017285 -0.074100 0.651166 1.000000 1
1 0.013510 0.017285 0.171600 0.984073 0.000000 1
1 -0.013510 -0.017285 0.171600 0.015927 1.000000 1
1 -0.013510 0.017285 0.171600 0.015927 0.000000 1
1 -0.155365 0.017285 -0.074100 0.348834 0.000000 1
1 0.141855 0.017285 -0.097500 0.629205 0.000000 1
7
-1.000000 0.000000 -0.000000
-0.500000 0.000000 -0.866026
0.500000 0.000000 0.866025
0.000000 0.000000 1.000000
0.500000 0.000000 -0.866026
1.000000 0.000000 -0.000000
-0.866025 0.000000 0.500000
12
1 0 1 2 0 1 1 0
1 3 4 5 2 3 3 0
1 6 7 8 4 5 5 0
1 3 7 9 2 5 2 0
1 0 10 11 0 6 6 0
1 3 8 7 2 5 5 0
1 0 11 12 0 6 0 0
1 1 6 2 1 4 1 0
1 1 13 6 1 4 4 0
1 3 9 4 2 2 3 0
1 6 13 7 4 4 5 0
1 0 12 1 0 0 1 0
"Mesh_dan_bg1" 0 2
6
1 -0.155365 0.017285 -0.074100 0.000000 0.859592 1
1 0.155365 0.017285 -0.074100 1.000000 0.859592 1
1 0.141855 0.017285 -0.097500 0.956522 0.935296 1
1 0.013510 0.017285 0.171600 0.543478 0.064704 1
1 -0.141855 0.017285 -0.097500 0.043478 0.935296 1
1 -0.013510 0.017285 0.171600 0.456522 0.064704 1
1
0.000000 1.000000 0.000000
4
1 0 1 2 0 0 0 0
1 0 3 1 0 0 0 0
1 0 2 4 0 0 0 0
1 0 5 3 0 0 0 0

Materials: 3
"Material"
1.000000 1.000000 1.000000 1.000000
1.000000 1.000000 1.000000 1.000000
0.000000 0.000000 0.000000 1.000000
1.000000 1.000000 1.000000 1.000000
51.200001
1.000000
"delta_light.png"
""
"Material1"
1.000000 1.000000 1.000000 1.000000
1.000000 1.000000 1.000000 1.000000
0.000000 0.000000 0.000000 1.000000
1.000000 1.000000 1.000000 1.000000
51.200001
1.000000
"stage_side.png"
""
"Material2"
1.000000 1.000000 1.000000 1.000000
1.000000 1.000000 1.000000 1.000000
0.000000 0.000000 0.000000 1.000000
1.000000 1.000000 1.000000 1.000000
51.200001
1.000000
"delta_light.png"
""

Bones: 2
"Frame_SCENE_ROOT"
""
8 0.000000 0.000000 0.000000 0.000000 -0.000000 0.000000
2
0.416320 0.000000 0.000000 0.000000
500.000000 0.000000 0.000000 0.000000
2
0.416320 0.000000 -0.000000 0.000000
500.000000 0.000000 -0.000000 0.000000
"Frame1_dan_bg1_Layer1"
"Frame_SCENE_ROOT"
8 0.000000 0.000000 0.000000 0.000000 -0.000000 0.000000
1201
0.416320 0.000000 0.000000 0.000000
0.832639 0.000000 0.000000 0.000000
1.248959 0.000000 0.000000 0.000000
1.665279 0.000000 0.000000 0.000000
2.081599 0.000000 0.000000 0.000000
2.497918 0.000000 0.000000 0.000000
2.914238 0.000000 0.000000 0.000000
3.330558 0.000000 0.000000 0.000000
3.746878 0.000000 0.000000 0.000000
4.163198 0.000000 0.000000 0.000000
4.579517 0.000000 0.000000 0.000000
4.995837 0.000000 0.000000 0.000000
5.412157 0.000000 0.000000 0.000000
5.828476 0.000000 0.000000 0.000000
6.244796 0.000000 0.000000 0.000000
6.661116 0.000000 0.000000 0.000000
7.077435 0.000000 0.000000 0.000000
7.493755 0.000000 0.000000 0.000000
7.910075 0.000000 0.000000 0.000000
8.326395 0.000000 0.000000 0.000000
8.742714 0.000000 0.000000 0.000000
9.159034 0.000000 0.000000 0.000000
9.575354 0.000000 0.000000 0.000000
9.991673 0.000000 0.000000 0.000000
10.407993 0.000000 0.000000 0.000000
10.824313 0.000000 0.000000 0.000000
11.240633 0.000000 0.000000 0.000000
11.656952 0.000000 0.000000 0.000000
12.073271 0.000000 0.000000 0.000000
12.489592 0.000000 0.000000 0.000000
12.905911 0.000000 0.000000 0.000000
13.322231 0.000000 0.000000 0.000000
13.738551 0.000000 0.000000 0.000000
14.154871 0.000000 0.000000 0.000000
14.571191 0.000000 0.000000 0.000000
14.987511 0.000000 0.000000 0.000000
15.403830 0.000000 0.000000 0.000000
15.820149 0.000000 0.000000 0.000000
16.236469 0.000000 0.000000 0.000000
16.652790 0.000000 0.000000 0.000000
17.069109 0.000000 0.000000 0.000000
17.485428 0.000000 0.000000 0.000000
17.901749 0.000000 0.000000 0.000000
18.318068 0.000000 0.000000 0.000000
18.734388 0.000000 0.000000 0.000000
19.150707 0.000000 0.000000 0.000000
19.567028 0.000000 0.000000 0.000000
19.983347 0.000000 0.000000 0.000000
20.399666 0.000000 0.000000 0.000000
20.815987 0.000000 0.000000 0.000000
21.232304 0.000000 0.000000 0.000000
21.648626 0.000000 0.000000 0.000000
22.064945 0.000000 0.000000 0.000000
22.481266 0.000000 0.000000 0.000000
22.897585 0.000000 0.000000 0.000000
23.313904 0.000000 0.000000 0.000000
23.730225 0.000000 0.000000 0.000000
24.146542 0.000000 0.000000 0.000000
24.562864 0.000000 0.000000 0.000000
24.979183 0.000000 0.000000 0.000000
25.395504 0.000000 0.000000 0.000000
25.811823 0.000000 0.000000 0.000000
26.228144 0.000000 0.000000 0.000000
26.644463 0.000000 0.000000 0.000000
27.060780 0.000000 0.000000 0.000000
27.477102 0.000000 0.000000 0.000000
27.893421 0.000000 0.000000 0.000000
28.309742 0.000000 0.000000 0.000000
28.726061 0.000000 0.000000 0.000000
29.142382 0.000000 0.000000 0.000000
29.558701 0.000000 0.000000 0.000000
29.975021 0.000000 0.000000 0.000000
30.391340 0.000000 0.000000 0.000000
30.807659 0.000000 0.000000 0.000000
31.223980 0.000000 0.000000 0.000000
31.640299 0.000000 0.000000 0.000000
32.056618 0.000000 0.000000 0.000000
32.472939 0.000000 0.000000 0.000000
32.889259 0.000000 0.000000 0.000000
33.305580 0.000000 0.000000 0.000000
33.721897 0.000000 0.000000 0.000000
34.138218 0.000000 0.000000 0.000000
34.554539 0.000000 0.000000 0.000000
34.970856 0.000000 0.000000 0.000000
35.387177 0.000000 0.000000 0.000000
35.803497 0.000000 0.000000 0.000000
36.219818 0.000000 0.000000 0.000000
36.636135 0.000000 0.000000 0.000000
37.052456 0.000000 0.000000 0.000000
37.468777 0.000000 0.000000 0.000000
37.885094 0.000000 0.000000 0.000000
38.301414 0.000000 0.000000 0.000000
38.717735 0.000000 0.000000 0.000000
39.134056 0.000000 0.000000 0.000000
39.550373 0.000000 0.000000 0.000000
39.966694 0.000000 0.000000 0.000000
40.383015 0.000000 0.000000 0.000000
40.799332 0.000000 0.000000 0.000000
41.215652 0.000000 0.000000 0.000000
41.631973 0.000000 0.000000 0.000000
42.048294 0.000000 0.000000 0.000000
42.464607 0.000000 0.000000 0.000000
42.880932 0.000000 0.000000 0.000000
43.297253 0.000000 0.000000 0.000000
43.713570 0.000000 0.000000 0.000000
44.129890 0.000000 0.000000 0.000000
44.546211 0.000000 0.000000 0.000000
44.962532 0.000000 0.000000 0.000000
45.378845 0.000000 0.000000 0.000000
45.795170 0.000000 0.000000 0.000000
46.211491 0.000000 0.000000 0.000000
46.627808 0.000000 0.000000 0.000000
47.044128 0.000000 0.000000 0.000000
47.460449 0.000000 0.000000 0.000000
47.876770 0.000000 0.000000 0.000000
48.293083 0.000000 0.000000 0.000000
48.709408 0.000000 0.000000 0.000000
49.125729 0.000000 0.000000 0.000000
49.542049 0.000000 0.000000 0.000000
49.958366 0.000000 0.000000 0.000000
50.374687 0.000000 0.000000 0.000000
50.791008 0.000000 0.000000 0.000000
51.207321 0.000000 0.000000 0.000000
51.623646 0.000000 0.000000 0.000000
52.039967 0.000000 0.000000 0.000000
52.456287 0.000000 0.000000 0.000000
52.872604 0.000000 0.000000 0.000000
53.288925 0.000000 0.000000 0.000000
53.705246 0.000000 0.000000 0.000000
54.121559 0.000000 0.000000 0.000000
54.537884 0.000000 0.000000 0.000000
54.954205 0.000000 0.000000 0.000000
55.370525 0.000000 0.000000 0.000000
55.786842 0.000000 0.000000 0.000000
56.203163 0.000000 0.000000 0.000000
56.619484 0.000000 0.000000 0.000000
57.035797 0.000000 0.000000 0.000000
57.452122 0.000000 0.000000 0.000000
57.868443 0.000000 0.000000 0.000000
58.284763 0.000000 0.000000 0.000000
58.701080 0.000000 0.000000 0.000000
59.117401 0.000000 0.000000 0.000000
59.533722 0.000000 0.000000 0.000000
59.950043 0.000000 0.000000 0.000000
60.366360 0.000000 0.000000 0.000000
60.782681 0.000000 0.000000 0.000000
61.199001 0.000000 0.000000 0.000000
61.615318 0.000000 0.000000 0.000000
62.031639 0.000000 0.000000 0.000000
62.447960 0.000000 0.000000 0.000000
62.864281 0.000000 0.000000 0.000000
63.280598 0.000000 0.000000 0.000000
63.696918 0.000000 0.000000 0.000000
64.113235 0.000000 0.000000 0.000000
64.529556 0.000000 0.000000 0.000000
64.945877 0.000000 0.000000 0.000000
65.362198 0.000000 0.000000 0.000000
65.778519 0.000000 0.000000 0.000000
66.194839 0.000000 0.000000 0.000000
66.611160 0.000000 0.000000 0.000000
67.027473 0.000000 0.000000 0.000000
67.443794 0.000000 0.000000 0.000000
67.860115 0.000000 0.000000 0.000000
68.276436 0.000000 0.000000 0.000000
68.692757 0.000000 0.000000 0.000000
69.109077 0.000000 0.000000 0.000000
69.525398 0.000000 0.000000 0.000000
69.941711 0.000000 0.000000 0.000000
70.358032 0.000000 0.000000 0.000000
70.774353 0.000000 0.000000 0.000000
71.190674 0.000000 0.000000 0.000000
71.606995 0.000000 0.000000 0.000000
72.023315 0.000000 0.000000 0.000000
72.439636 0.000000 0.000000 0.000000
72.855949 0.000000 0.000000 0.000000
73.272270 0.000000 0.000000 0.000000
73.688591 0.000000 0.000000 0.000000
74.104912 0.000000 0.000000 0.000000
74.521233 0.000000 0.000000 0.000000
74.937553 0.000000 0.000000 0.000000
75.353874 0.000000 0.000000 0.000000
75.770187 0.000000 0.000000 0.000000
76.186508 0.000000 0.000000 0.000000
76.602829 0.000000 0.000000 0.000000
77.019150 0.000000 0.000000 0.000000
77.435471 0.000000 0.000000 0.000000
77.851791 0.000000 0.000000 0.000000
78.268112 0.000000 0.000000 0.000000
78.684425 0.000000 0.000000 0.000000
79.100746 0.000000 0.000000 0.000000
79.517067 0.000000 0.000000 0.000000
79.933388 0.000000 0.000000 0.000000
80.349716 0.000000 0.000000 0.000000
80.766029 0.000000 0.000000 0.000000
81.182343 0.000000 0.000000 0.000000
81.598663 0.000000 0.000000 0.000000
82.014984 0.000000 0.000000 0.000000
82.431305 0.000000 0.000000 0.000000
82.847626 0.000000 0.000000 0.000000
83.263947 0.000000 0.000000 0.000000
83.680267 0.000000 0.000000 0.000000
84.096588 0.000000 0.000000 0.000000
84.512901 0.000000 0.000000 0.000000
84.929214 0.000000 0.000000 0.000000
85.345543 0.000000 0.000000 0.000000
85.761864 0.000000 0.000000 0.000000
86.178192 0.000000 0.000000 0.000000
86.594505 0.000000 0.000000 0.000000
87.010818 0.000000 0.000000 0.000000
87.427139 0.000000 0.000000 0.000000
87.843460 0.000000 0.000000 0.000000
88.259781 0.000000 0.000000 0.000000
88.676102 0.000000 0.000000 0.000000
89.092422 0.000000 0.000000 0.000000
89.508743 0.000000 0.000000 0.000000
89.925064 0.000000 0.000000 0.000000
90.341377 0.000000 0.000000 0.000000
90.757690 0.000000 0.000000 0.000000
91.174019 0.000000 0.000000 0.000000
91.590340 0.000000 0.000000 0.000000
92.006668 0.000000 0.000000 0.000000
92.422981 0.000000 0.000000 0.000000
92.839294 0.000000 0.000000 0.000000
93.255615 0.000000 0.000000 0.000000
93.671936 0.000000 0.000000 0.000000
94.088257 0.000000 0.000000 0.000000
94.504578 0.000000 0.000000 0.000000
94.920898 0.000000 0.000000 0.000000
95.337219 0.000000 0.000000 0.000000
95.753540 0.000000 0.000000 0.000000
96.169861 0.000000 0.000000 0.000000
96.586166 0.000000 0.000000 0.000000
97.002495 0.000000 0.000000 0.000000
97.418816 0.000000 0.000000 0.000000
97.835144 0.000000 0.000000 0.000000
98.251457 0.000000 0.000000 0.000000
98.667770 0.000000 0.000000 0.000000
99.084099 0.000000 0.000000 0.000000
99.500412 0.000000 0.000000 0.000000
99.916733 0.000000 0.000000 0.000000
100.333054 0.000000 0.000000 0.000000
100.749374 0.000000 0.000000 0.000000
101.165695 0.000000 0.000000 0.000000
101.582016 0.000000 0.000000 0.000000
101.998337 0.000000 0.000000 0.000000
102.414642 0.000000 0.000000 0.000000
102.830971 0.000000 0.000000 0.000000
103.247292 0.000000 0.000000 0.000000
103.663620 0.000000 0.000000 0.000000
104.079933 0.000000 0.000000 0.000000
104.496246 0.000000 0.000000 0.000000
104.912575 0.000000 0.000000 0.000000
105.328888 0.000000 0.000000 0.000000
105.745209 0.000000 0.000000 0.000000
106.161530 0.000000 0.000000 0.000000
106.577850 0.000000 0.000000 0.000000
106.994171 0.000000 0.000000 0.000000
107.410492 0.000000 0.000000 0.000000
107.826813 0.000000 0.000000 0.000000
108.243118 0.000000 0.000000 0.000000
108.659447 0.000000 0.000000 0.000000
109.075768 0.000000 0.000000 0.000000
109.492096 0.000000 0.000000 0.000000
109.908409 0.000000 0.000000 0.000000
110.324722 0.000000 0.000000 0.000000
110.741051 0.000000 0.000000 0.000000
111.157364 0.000000 0.000000 0.000000
111.573685 0.000000 0.000000 0.000000
111.990005 0.000000 0.000000 0.000000
112.406326 0.000000 0.000000 0.000000
112.822647 0.000000 0.000000 0.000000
113.238968 0.000000 0.000000 0.000000
113.655289 0.000000 0.000000 0.000000
114.071594 0.000000 0.000000 0.000000
114.487923 0.000000 0.000000 0.000000
114.904243 0.000000 0.000000 0.000000
115.320572 0.000000 0.000000 0.000000
115.736885 0.000000 0.000000 0.000000
116.153198 0.000000 0.000000 0.000000
116.569527 0.000000 0.000000 0.000000
116.985840 0.000000 0.000000 0.000000
117.402161 0.000000 0.000000 0.000000
117.818481 0.000000 0.000000 0.000000
118.234802 0.000000 0.000000 0.000000
118.651123 0.000000 0.000000 0.000000
119.067444 0.000000 0.000000 0.000000
119.483765 0.000000 0.000000 0.000000
119.900085 0.000000 0.000000 0.000000
120.316399 0.000000 0.000000 0.000000
120.732719 0.000000 0.000000 0.000000
121.149048 0.000000 0.000000 0.000000
121.565361 0.000000 0.000000 0.000000
121.981674 0.000000 0.000000 0.000000
122.398003 0.000000 0.000000 0.000000
122.814323 0.000000 0.000000 0.000000
123.230637 0.000000 0.000000 0.000000
123.646957 0.000000 0.000000 0.000000
124.063278 0.000000 0.000000 0.000000
124.479599 0.000000 0.000000 0.000000
124.895920 0.000000 0.000000 0.000000
125.312241 0.000000 0.000000 0.000000
125.728561 0.000000 0.000000 0.000000
126.144875 0.000000 0.000000 0.000000
126.561195 0.000000 0.000000 0.000000
126.977524 0.000000 0.000000 0.000000
127.393837 0.000000 0.000000 0.000000
127.810150 0.000000 0.000000 0.000000
128.226471 0.000000 0.000000 0.000000
128.642792 0.000000 0.000000 0.000000
129.059113 0.000000 0.000000 0.000000
129.475433 0.000000 0.000000 0.000000
129.891754 0.000000 0.000000 0.000000
130.308075 0.000000 0.000000 0.000000
130.724396 0.000000 0.000000 0.000000
131.140717 0.000000 0.000000 0.000000
131.557037 0.000000 0.000000 0.000000
131.973358 0.000000 0.000000 0.000000
132.389679 0.000000 0.000000 0.000000
132.806000 0.000000 0.000000 0.000000
133.222321 0.000000 0.000000 0.000000
133.638626 0.000000 0.000000 0.000000
134.054947 0.000000 0.000000 0.000000
134.471268 0.000000 0.000000 0.000000
134.887589 0.000000 0.000000 0.000000
135.303909 0.000000 0.000000 0.000000
135.720230 0.000000 0.000000 0.000000
136.136551 0.000000 0.000000 0.000000
136.552872 0.000000 0.000000 0.000000
136.969193 0.000000 0.000000 0.000000
137.385513 0.000000 0.000000 0.000000
137.801834 0.000000 0.000000 0.000000
138.218155 0.000000 0.000000 0.000000
138.634476 0.000000 0.000000 0.000000
139.050797 0.000000 0.000000 0.000000
139.467102 0.000000 0.000000 0.000000
139.883423 0.000000 0.000000 0.000000
140.299744 0.000000 0.000000 0.000000
140.716064 0.000000 0.000000 0.000000
141.132385 0.000000 0.000000 0.000000
141.548706 0.000000 0.000000 0.000000
141.965027 0.000000 0.000000 0.000000
142.381348 0.000000 0.000000 0.000000
142.797668 0.000000 0.000000 0.000000
143.213989 0.000000 0.000000 0.000000
143.630310 0.000000 0.000000 0.000000
144.046631 0.000000 0.000000 0.000000
144.462952 0.000000 0.000000 0.000000
144.879272 0.000000 0.000000 0.000000
145.295578 0.000000 0.000000 0.000000
145.711899 0.000000 0.000000 0.000000
146.128220 0.000000 0.000000 0.000000
146.544540 0.000000 0.000000 0.000000
146.960861 0.000000 0.000000 0.000000
147.377182 0.000000 0.000000 0.000000
147.793503 0.000000 0.000000 0.000000
148.209824 0.000000 0.000000 0.000000
148.626144 0.000000 0.000000 0.000000
149.042465 0.000000 0.000000 0.000000
149.458786 0.000000 0.000000 0.000000
149.875107 0.000000 0.000000 0.000000
150.291428 0.000000 0.000000 0.000000
150.707748 0.000000 0.000000 0.000000
151.124054 0.000000 0.000000 0.000000
151.540375 0.000000 0.000000 0.000000
151.956696 0.000000 0.000000 0.000000
152.373016 0.000000 0.000000 0.000000
152.789337 0.000000 0.000000 0.000000
153.205658 0.000000 0.000000 0.000000
153.621979 0.000000 0.000000 0.000000
154.038300 0.000000 0.000000 0.000000
154.454620 0.000000 0.000000 0.000000
154.870941 0.000000 0.000000 0.000000
155.287262 0.000000 0.000000 0.000000
155.703583 0.000000 0.000000 0.000000
156.119904 0.000000 0.000000 0.000000
156.536224 0.000000 0.000000 0.000000
156.952530 0.000000 0.000000 0.000000
157.368851 0.000000 0.000000 0.000000
157.785172 0.000000 0.000000 0.000000
158.201492 0.000000 0.000000 0.000000
158.617813 0.000000 0.000000 0.000000
159.034134 0.000000 0.000000 0.000000
159.450455 0.000000 0.000000 0.000000
159.866776 0.000000 0.000000 0.000000
160.283081 0.000000 0.000000 0.000000
160.699432 0.000000 0.000000 0.000000
161.115738 0.000000 0.000000 0.000000
161.532059 0.000000 0.000000 0.000000
161.948380 0.000000 0.000000 0.000000
162.364685 0.000000 0.000000 0.000000
162.781036 0.000000 0.000000 0.000000
163.197327 0.000000 0.000000 0.000000
163.613647 0.000000 0.000000 0.000000
164.029968 0.000000 0.000000 0.000000
164.446289 0.000000 0.000000 0.000000
164.862610 0.000000 0.000000 0.000000
165.278931 0.000000 0.000000 0.000000
165.695251 0.000000 0.000000 0.000000
166.111572 0.000000 0.000000 0.000000
166.527893 0.000000 0.000000 0.000000
166.944214 0.000000 0.000000 0.000000
167.360535 0.000000 0.000000 0.000000
167.776855 0.000000 0.000000 0.000000
168.193176 0.000000 0.000000 0.000000
168.609497 0.000000 0.000000 0.000000
169.025803 0.000000 0.000000 0.000000
169.442123 0.000000 0.000000 0.000000
169.858429 0.000000 0.000000 0.000000
170.274780 0.000000 0.000000 0.000000
170.691086 0.000000 0.000000 0.000000
171.107407 0.000000 0.000000 0.000000
171.523727 0.000000 0.000000 0.000000
171.940033 0.000000 0.000000 0.000000
172.356384 0.000000 0.000000 0.000000
172.772690 0.000000 0.000000 0.000000
173.189011 0.000000 0.000000 0.000000
173.605331 0.000000 0.000000 0.000000
174.021637 0.000000 0.000000 0.000000
174.437988 0.000000 0.000000 0.000000
174.854279 0.000000 0.000000 0.000000
175.270599 0.000000 0.000000 0.000000
175.686920 0.000000 0.000000 0.000000
176.103241 0.000000 0.000000 0.000000
176.519562 0.000000 0.000000 0.000000
176.935883 0.000000 0.000000 0.000000
177.352203 0.000000 0.000000 0.000000
177.768524 0.000000 0.000000 0.000000
178.184845 0.000000 0.000000 0.000000
178.601166 0.000000 0.000000 0.000000
179.017487 0.000000 0.000000 0.000000
179.433807 0.000000 0.000000 0.000000
179.850128 0.000000 0.000000 0.000000
180.266449 0.000000 0.000000 0.000000
180.682755 0.000000 0.000000 0.000000
181.099075 0.000000 0.000000 0.000000
181.515381 0.000000 0.000000 0.000000
181.931732 0.000000 0.000000 0.000000
182.348038 0.000000 0.000000 0.000000
182.764359 0.000000 0.000000 0.000000
183.180679 0.000000 0.000000 0.000000
183.596985 0.000000 0.000000 0.000000
184.013336 0.000000 0.000000 0.000000
184.429642 0.000000 0.000000 0.000000
184.845963 0.000000 0.000000 0.000000
185.262283 0.000000 0.000000 0.000000
185.678589 0.000000 0.000000 0.000000
186.094940 0.000000 0.000000 0.000000
186.511230 0.000000 0.000000 0.000000
186.927551 0.000000 0.000000 0.000000
187.343872 0.000000 0.000000 0.000000
187.760193 0.000000 0.000000 0.000000
188.176514 0.000000 0.000000 0.000000
188.592834 0.000000 0.000000 0.000000
189.009155 0.000000 0.000000 0.000000
189.425476 0.000000 0.000000 0.000000
189.841797 0.000000 0.000000 0.000000
190.258118 0.000000 0.000000 0.000000
190.674438 0.000000 0.000000 0.000000
191.090759 0.000000 0.000000 0.000000
191.507080 0.000000 0.000000 0.000000
191.923401 0.000000 0.000000 0.000000
192.339722 0.000000 0.000000 0.000000
192.756027 0.000000 0.000000 0.000000
193.172333 0.000000 0.000000 0.000000
193.588684 0.000000 0.000000 0.000000
194.004990 0.000000 0.000000 0.000000
194.421310 0.000000 0.000000 0.000000
194.837631 0.000000 0.000000 0.000000
195.253937 0.000000 0.000000 0.000000
195.670288 0.000000 0.000000 0.000000
196.086594 0.000000 0.000000 0.000000
196.502914 0.000000 0.000000 0.000000
196.919235 0.000000 0.000000 0.000000
197.335541 0.000000 0.000000 0.000000
197.751892 0.000000 0.000000 0.000000
198.168198 0.000000 0.000000 0.000000
198.584503 0.000000 0.000000 0.000000
199.000824 0.000000 0.000000 0.000000
199.417145 0.000000 0.000000 0.000000
199.833466 0.000000 0.000000 0.000000
200.249786 0.000000 0.000000 0.000000
200.666107 0.000000 0.000000 0.000000
201.082428 0.000000 0.000000 0.000000
201.498749 0.000000 0.000000 0.000000
201.915070 0.000000 0.000000 0.000000
202.331390 0.000000 0.000000 0.000000
202.747711 0.000000 0.000000 0.000000
203.164032 0.000000 0.000000 0.000000
203.580353 0.000000 0.000000 0.000000
203.996674 0.000000 0.000000 0.000000
204.412979 0.000000 0.000000 0.000000
204.829285 0.000000 0.000000 0.000000
205.245636 0.000000 0.000000 0.000000
205.661942 0.000000 0.000000 0.000000
206.078262 0.000000 0.000000 0.000000
206.494583 0.000000 0.000000 0.000000
206.910889 0.000000 0.000000 0.000000
207.327240 0.000000 0.000000 0.000000
207.743546 0.000000 0.000000 0.000000
208.159866 0.000000 0.000000 0.000000
208.576187 0.000000 0.000000 0.000000
208.992493 0.000000 0.000000 0.000000
209.408844 0.000000 0.000000 0.000000
209.825150 0.000000 0.000000 0.000000
210.241455 0.000000 0.000000 0.000000
210.657776 0.000000 0.000000 0.000000
211.074097 0.000000 0.000000 0.000000
211.490417 0.000000 0.000000 0.000000
211.906738 0.000000 0.000000 0.000000
212.323059 0.000000 0.000000 0.000000
212.739380 0.000000 0.000000 0.000000
213.155701 0.000000 0.000000 0.000000
213.572021 0.000000 0.000000 0.000000
213.988342 0.000000 0.000000 0.000000
214.404663 0.000000 0.000000 0.000000
214.820984 0.000000 0.000000 0.000000
215.237305 0.000000 0.000000 0.000000
215.653625 0.000000 0.000000 0.000000
216.069946 0.000000 0.000000 0.000000
216.486237 0.000000 0.000000 0.000000
216.902588 0.000000 0.000000 0.000000
217.318893 0.000000 0.000000 0.000000
217.735214 0.000000 0.000000 0.000000
218.151535 0.000000 0.000000 0.000000
218.567841 0.000000 0.000000 0.000000
218.984192 0.000000 0.000000 0.000000
219.400497 0.000000 0.000000 0.000000
219.816818 0.000000 0.000000 0.000000
220.233139 0.000000 0.000000 0.000000
220.649445 0.000000 0.000000 0.000000
221.065796 0.000000 0.000000 0.000000
221.482101 0.000000 0.000000 0.000000
221.898422 0.000000 0.000000 0.000000
222.314728 0.000000 0.000000 0.000000
222.731049 0.000000 0.000000 0.000000
223.147369 0.000000 0.000000 0.000000
223.563690 0.000000 0.000000 0.000000
223.980011 0.000000 0.000000 0.000000
224.396332 0.000000 0.000000 0.000000
224.812653 0.000000 0.000000 0.000000
225.228973 0.000000 0.000000 0.000000
225.645294 0.000000 0.000000 0.000000
226.061615 0.000000 0.000000 0.000000
226.477936 0.000000 0.000000 0.000000
226.894257 0.000000 0.000000 0.000000
227.310577 0.000000 0.000000 0.000000
227.726898 0.000000 0.000000 0.000000
228.143188 0.000000 0.000000 0.000000
228.559540 0.000000 0.000000 0.000000
228.975845 0.000000 0.000000 0.000000
229.392166 0.000000 0.000000 0.000000
229.808487 0.000000 0.000000 0.000000
230.224792 0.000000 0.000000 0.000000
230.641144 0.000000 0.000000 0.000000
231.057449 0.000000 0.000000 0.000000
231.473770 0.000000 0.000000 0.000000
231.890091 0.000000 0.000000 0.000000
232.306396 0.000000 0.000000 0.000000
232.722748 0.000000 0.000000 0.000000
233.139053 0.000000 0.000000 0.000000
233.555374 0.000000 0.000000 0.000000
233.971680 0.000000 0.000000 0.000000
234.388000 0.000000 0.000000 0.000000
234.804321 0.000000 0.000000 0.000000
235.220642 0.000000 0.000000 0.000000
235.636963 0.000000 0.000000 0.000000
236.053284 0.000000 0.000000 0.000000
236.469604 0.000000 0.000000 0.000000
236.885925 0.000000 0.000000 0.000000
237.302246 0.000000 0.000000 0.000000
237.718567 0.000000 0.000000 0.000000
238.134888 0.000000 0.000000 0.000000
238.551208 0.000000 0.000000 0.000000
238.967529 0.000000 0.000000 0.000000
239.383850 0.000000 0.000000 0.000000
239.800171 0.000000 0.000000 0.000000
240.216492 0.000000 0.000000 0.000000
240.632797 0.000000 0.000000 0.000000
241.049118 0.000000 0.000000 0.000000
241.465439 0.000000 0.000000 0.000000
241.881744 0.000000 0.000000 0.000000
242.298096 0.000000 0.000000 0.000000
242.714401 0.000000 0.000000 0.000000
243.130722 0.000000 0.000000 0.000000
243.547043 0.000000 0.000000 0.000000
243.963348 0.000000 0.000000 0.000000
244.379700 0.000000 0.000000 0.000000
244.796005 0.000000 0.000000 0.000000
245.212326 0.000000 0.000000 0.000000
245.628647 0.000000 0.000000 0.000000
246.044952 0.000000 0.000000 0.000000
246.461273 0.000000 0.000000 0.000000
246.877594 0.000000 0.000000 0.000000
247.293915 0.000000 0.000000 0.000000
247.710236 0.000000 0.000000 0.000000
248.126556 0.000000 0.000000 0.000000
248.542877 0.000000 0.000000 0.000000
248.959198 0.000000 0.000000 0.000000
249.375519 0.000000 0.000000 0.000000
249.791840 0.000000 0.000000 0.000000
250.208160 0.000000 0.000000 0.000000
250.624481 0.000000 0.000000 0.000000
251.040802 0.000000 0.000000 0.000000
251.457123 0.000000 0.000000 0.000000
251.873444 0.000000 0.000000 0.000000
252.289749 0.000000 0.000000 0.000000
252.706070 0.000000 0.000000 0.000000
253.122391 0.000000 0.000000 0.000000
253.538696 0.000000 0.000000 0.000000
253.955048 0.000000 0.000000 0.000000
254.371353 0.000000 0.000000 0.000000
254.787674 0.000000 0.000000 0.000000
255.203995 0.000000 0.000000 0.000000
255.620300 0.000000 0.000000 0.000000
256.036621 0.000000 0.000000 0.000000
256.452942 0.000000 0.000000 0.000000
256.869263 0.000000 0.000000 0.000000
257.285583 0.000000 0.000000 0.000000
257.701904 0.000000 0.000000 0.000000
258.118225 0.000000 0.000000 0.000000
258.534546 0.000000 0.000000 0.000000
258.950867 0.000000 0.000000 0.000000
259.367188 0.000000 0.000000 0.000000
259.783508 0.000000 0.000000 0.000000
260.199829 0.000000 0.000000 0.000000
260.616150 0.000000 0.000000 0.000000
261.032471 0.000000 0.000000 0.000000
261.448792 0.000000 0.000000 0.000000
261.865112 0.000000 0.000000 0.000000
262.281433 0.000000 0.000000 0.000000
262.697754 0.000000 0.000000 0.000000
263.114075 0.000000 0.000000 0.000000
263.530396 0.000000 0.000000 0.000000
263.946716 0.000000 0.000000 0.000000
264.363037 0.000000 0.000000 0.000000
264.779358 0.000000 0.000000 0.000000
265.195679 0.000000 0.000000 0.000000
265.612000 0.000000 0.000000 0.000000
266.028320 0.000000 0.000000 0.000000
266.444641 0.000000 0.000000 0.000000
266.860931 0.000000 0.000000 0.000000
267.277252 0.000000 0.000000 0.000000
267.693573 0.000000 0.000000 0.000000
268.109894 0.000000 0.000000 0.000000
268.526215 0.000000 0.000000 0.000000
268.942535 0.000000 0.000000 0.000000
269.358856 0.000000 0.000000 0.000000
269.775177 0.000000 0.000000 0.000000
270.191498 0.000000 0.000000 0.000000
270.607819 0.000000 0.000000 0.000000
271.024139 0.000000 0.000000 0.000000
271.440460 0.000000 0.000000 0.000000
271.856781 0.000000 0.000000 0.000000
272.273102 0.000000 0.000000 0.000000
272.689423 0.000000 0.000000 0.000000
273.105743 0.000000 0.000000 0.000000
273.522064 0.000000 0.000000 0.000000
273.938385 0.000000 0.000000 0.000000
274.354706 0.000000 0.000000 0.000000
274.771027 0.000000 0.000000 0.000000
275.187347 0.000000 0.000000 0.000000
275.603668 0.000000 0.000000 0.000000
276.019989 0.000000 0.000000 0.000000
276.436310 0.000000 0.000000 0.000000
276.852631 0.000000 0.000000 0.000000
277.268951 0.000000 0.000000 0.000000
277.685272 0.000000 0.000000 0.000000
278.101593 0.000000 0.000000 0.000000
278.517883 0.000000 0.000000 0.000000
278.934204 0.000000 0.000000 0.000000
279.350525 0.000000 0.000000 0.000000
279.766846 0.000000 0.000000 0.000000
280.183167 0.000000 0.000000 0.000000
280.599487 0.000000 0.000000 0.000000
281.015808 0.000000 0.000000 0.000000
281.432129 0.000000 0.000000 0.000000
281.848450 0.000000 0.000000 0.000000
282.264771 0.000000 0.000000 0.000000
282.681091 0.000000 0.000000 0.000000
283.097412 0.000000 0.000000 0.000000
283.513733 0.000000 0.000000 0.000000
283.930054 0.000000 0.000000 0.000000
284.346375 0.000000 0.000000 0.000000
284.762695 0.000000 0.000000 0.000000
285.179016 0.000000 0.000000 0.000000
285.595337 0.000000 0.000000 0.000000
286.011658 0.000000 0.000000 0.000000
286.427979 0.000000 0.000000 0.000000
286.844299 0.000000 0.000000 0.000000
287.260620 0.000000 0.000000 0.000000
287.676941 0.000000 0.000000 0.000000
288.093262 0.000000 0.000000 0.000000
288.509583 0.000000 0.000000 0.000000
288.925903 0.000000 0.000000 0.000000
289.342224 0.000000 0.000000 0.000000
289.758545 0.000000 0.000000 0.000000
290.174835 0.000000 0.000000 0.000000
290.591156 0.000000 0.000000 0.000000
291.007477 0.000000 0.000000 0.000000
291.423798 0.000000 0.000000 0.000000
291.840118 0.000000 0.000000 0.000000
292.256439 0.000000 0.000000 0.000000
292.672760 0.000000 0.000000 0.000000
293.089081 0.000000 0.000000 0.000000
293.505402 0.000000 0.000000 0.000000
293.921722 0.000000 0.000000 0.000000
294.338043 0.000000 0.000000 0.000000
294.754364 0.000000 0.000000 0.000000
295.170685 0.000000 0.000000 0.000000
295.587006 0.000000 0.000000 0.000000
296.003326 0.000000 0.000000 0.000000
296.419647 0.000000 0.000000 0.000000
296.835968 0.000000 0.000000 0.000000
297.252289 0.000000 0.000000 0.000000
297.668610 0.000000 0.000000 0.000000
298.084930 0.000000 0.000000 0.000000
298.501251 0.000000 0.000000 0.000000
298.917572 0.000000 0.000000 0.000000
299.333893 0.000000 0.000000 0.000000
299.750214 0.000000 0.000000 0.000000
300.166534 0.000000 0.000000 0.000000
300.582855 0.000000 0.000000 0.000000
300.999176 0.000000 0.000000 0.000000
301.415497 0.000000 0.000000 0.000000
301.831818 0.000000 0.000000 0.000000
302.248108 0.000000 0.000000 0.000000
302.664429 0.000000 0.000000 0.000000
303.080750 0.000000 0.000000 0.000000
303.497070 0.000000 0.000000 0.000000
303.913391 0.000000 0.000000 0.000000
304.329712 0.000000 0.000000 0.000000
304.746033 0.000000 0.000000 0.000000
305.162354 0.000000 0.000000 0.000000
305.578674 0.000000 0.000000 0.000000
305.994995 0.000000 0.000000 0.000000
306.411316 0.000000 0.000000 0.000000
306.827637 0.000000 0.000000 0.000000
307.243958 0.000000 0.000000 0.000000
307.660278 0.000000 0.000000 0.000000
308.076599 0.000000 0.000000 0.000000
308.492920 0.000000 0.000000 0.000000
308.909241 0.000000 0.000000 0.000000
309.325562 0.000000 0.000000 0.000000
309.741882 0.000000 0.000000 0.000000
310.158203 0.000000 0.000000 0.000000
310.574524 0.000000 0.000000 0.000000
310.990845 0.000000 0.000000 0.000000
311.407166 0.000000 0.000000 0.000000
311.823486 0.000000 0.000000 0.000000
312.239807 0.000000 0.000000 0.000000
312.656128 0.000000 0.000000 0.000000
313.072449 0.000000 0.000000 0.000000
313.488770 0.000000 0.000000 0.000000
313.905060 0.000000 0.000000 0.000000
314.321381 0.000000 0.000000 0.000000
314.737701 0.000000 0.000000 0.000000
315.154022 0.000000 0.000000 0.000000
315.570343 0.000000 0.000000 0.000000
315.986664 0.000000 0.000000 0.000000
316.402985 0.000000 0.000000 0.000000
316.819305 0.000000 0.000000 0.000000
317.235626 0.000000 0.000000 0.000000
317.651947 0.000000 0.000000 0.000000
318.068268 0.000000 0.000000 0.000000
318.484589 0.000000 0.000000 0.000000
318.900909 0.000000 0.000000 0.000000
319.317230 0.000000 0.000000 0.000000
319.733551 0.000000 0.000000 0.000000
320.149872 0.000000 0.000000 0.000000
320.566162 0.000000 0.000000 0.000000
320.982513 0.000000 0.000000 0.000000
321.398865 0.000000 0.000000 0.000000
321.815155 0.000000 0.000000 0.000000
322.231476 0.000000 0.000000 0.000000
322.647766 0.000000 0.000000 0.000000
323.064117 0.000000 0.000000 0.000000
323.480469 0.000000 0.000000 0.000000
323.896759 0.000000 0.000000 0.000000
324.313080 0.000000 0.000000 0.000000
324.729370 0.000000 0.000000 0.000000
325.145721 0.000000 0.000000 0.000000
325.562073 0.000000 0.000000 0.000000
325.978333 0.000000 0.000000 0.000000
326.394653 0.000000 0.000000 0.000000
326.810974 0.000000 0.000000 0.000000
327.227295 0.000000 0.000000 0.000000
327.643616 0.000000 0.000000 0.000000
328.059937 0.000000 0.000000 0.000000
328.476257 0.000000 0.000000 0.000000
328.892578 0.000000 0.000000 0.000000
329.308899 0.000000 0.000000 0.000000
329.725220 0.000000 0.000000 0.000000
330.141541 0.000000 0.000000 0.000000
330.557861 0.000000 0.000000 0.000000
330.974182 0.000000 0.000000 0.000000
331.390503 0.000000 0.000000 0.000000
331.806824 0.000000 0.000000 0.000000
332.223145 0.000000 0.000000 0.000000
332.639465 0.000000 0.000000 0.000000
333.055786 0.000000 0.000000 0.000000
333.472107 0.000000 0.000000 0.000000
333.888428 0.000000 0.000000 0.000000
334.304749 0.000000 0.000000 0.000000
334.721069 0.000000 0.000000 0.000000
335.137390 0.000000 0.000000 0.000000
335.553711 0.000000 0.000000 0.000000
335.970032 0.000000 0.000000 0.000000
336.386353 0.000000 0.000000 0.000000
336.802673 0.000000 0.000000 0.000000
337.218994 0.000000 0.000000 0.000000
337.635254 0.000000 0.000000 0.000000
338.051605 0.000000 0.000000 0.000000
338.467957 0.000000 0.000000 0.000000
338.884247 0.000000 0.000000 0.000000
339.300568 0.000000 0.000000 0.000000
339.716858 0.000000 0.000000 0.000000
340.133209 0.000000 0.000000 0.000000
340.549561 0.000000 0.000000 0.000000
340.965851 0.000000 0.000000 0.000000
341.382172 0.000000 0.000000 0.000000
341.798462 0.000000 0.000000 0.000000
342.214813 0.000000 0.000000 0.000000
342.631165 0.000000 0.000000 0.000000
343.047455 0.000000 0.000000 0.000000
343.463776 0.000000 0.000000 0.000000
343.880066 0.000000 0.000000 0.000000
344.296417 0.000000 0.000000 0.000000
344.712769 0.000000 0.000000 0.000000
345.129059 0.000000 0.000000 0.000000
345.545380 0.000000 0.000000 0.000000
345.961670 0.000000 0.000000 0.000000
346.378021 0.000000 0.000000 0.000000
346.794373 0.000000 0.000000 0.000000
347.210663 0.000000 0.000000 0.000000
347.626984 0.000000 0.000000 0.000000
348.043274 0.000000 0.000000 0.000000
348.459625 0.000000 0.000000 0.000000
348.875977 0.000000 0.000000 0.000000
349.292267 0.000000 0.000000 0.000000
349.708557 0.000000 0.000000 0.000000
350.124878 0.000000 0.000000 0.000000
350.541199 0.000000 0.000000 0.000000
350.957520 0.000000 0.000000 0.000000
351.373840 0.000000 0.000000 0.000000
351.790161 0.000000 0.000000 0.000000
352.206482 0.000000 0.000000 0.000000
352.622803 0.000000 0.000000 0.000000
353.039124 0.000000 0.000000 0.000000
353.455444 0.000000 0.000000 0.000000
353.871765 0.000000 0.000000 0.000000
354.288086 0.000000 0.000000 0.000000
354.704407 0.000000 0.000000 0.000000
355.120728 0.000000 0.000000 0.000000
355.537048 0.000000 0.000000 0.000000
355.953369 0.000000 0.000000 0.000000
356.369690 0.000000 0.000000 0.000000
356.786011 0.000000 0.000000 0.000000
357.202332 0.000000 0.000000 0.000000
357.618652 0.000000 0.000000 0.000000
358.034973 0.000000 0.000000 0.000000
358.451294 0.000000 0.000000 0.000000
358.867615 0.000000 0.000000 0.000000
359.283936 0.000000 0.000000 0.000000
359.700256 0.000000 0.000000 0.000000
360.116577 0.000000 0.000000 0.000000
360.532898 0.000000 0.000000 0.000000
360.949219 0.000000 0.000000 0.000000
361.365509 0.000000 0.000000 0.000000
361.781860 0.000000 0.000000 0.000000
362.198151 0.000000 0.000000 0.000000
362.614471 0.000000 0.000000 0.000000
363.030762 0.000000 0.000000 0.000000
363.447113 0.000000 0.000000 0.000000
363.863464 0.000000 0.000000 0.000000
364.279755 0.000000 0.000000 0.000000
364.696075 0.000000 0.000000 0.000000
365.112366 0.000000 0.000000 0.000000
365.528717 0.000000 0.000000 0.000000
365.945068 0.000000 0.000000 0.000000
366.361359 0.000000 0.000000 0.000000
366.777679 0.000000 0.000000 0.000000
367.193970 0.000000 0.000000 0.000000
367.610321 0.000000 0.000000 0.000000
368.026672 0.000000 0.000000 0.000000
368.442963 0.000000 0.000000 0.000000
368.859283 0.000000 0.000000 0.000000
369.275574 0.000000 0.000000 0.000000
369.691925 0.000000 0.000000 0.000000
370.108276 0.000000 0.000000 0.000000
370.524567 0.000000 0.000000 0.000000
370.940887 0.000000 0.000000 0.000000
371.357178 0.000000 0.000000 0.000000
371.773529 0.000000 0.000000 0.000000
372.189880 0.000000 0.000000 0.000000
372.606171 0.000000 0.000000 0.000000
373.022461 0.000000 0.000000 0.000000
373.438782 0.000000 0.000000 0.000000
373.855103 0.000000 0.000000 0.000000
374.271423 0.000000 0.000000 0.000000
374.687744 0.000000 0.000000 0.000000
375.104065 0.000000 0.000000 0.000000
375.520386 0.000000 0.000000 0.000000
375.936707 0.000000 0.000000 0.000000
376.353027 0.000000 0.000000 0.000000
376.769348 0.000000 0.000000 0.000000
377.185669 0.000000 0.000000 0.000000
377.601990 0.000000 0.000000 0.000000
378.018311 0.000000 0.000000 0.000000
378.434631 0.000000 0.000000 0.000000
378.850952 0.000000 0.000000 0.000000
379.267273 0.000000 0.000000 0.000000
379.683594 0.000000 0.000000 0.000000
380.099915 0.000000 0.000000 0.000000
380.516235 0.000000 0.000000 0.000000
380.932556 0.000000 0.000000 0.000000
381.348877 0.000000 0.000000 0.000000
381.765198 0.000000 0.000000 0.000000
382.181519 0.000000 0.000000 0.000000
382.597839 0.000000 0.000000 0.000000
383.014160 0.000000 0.000000 0.000000
383.430481 0.000000 0.000000 0.000000
383.846802 0.000000 0.000000 0.000000
384.263123 0.000000 0.000000 0.000000
384.679443 0.000000 0.000000 0.000000
385.095764 0.000000 0.000000 0.000000
385.512054 0.000000 0.000000 0.000000
385.928375 0.000000 0.000000 0.000000
386.344666 0.000000 0.000000 0.000000
386.761017 0.000000 0.000000 0.000000
387.177368 0.000000 0.000000 0.000000
387.593658 0.000000 0.000000 0.000000
388.009979 0.000000 0.000000 0.000000
388.426270 0.000000 0.000000 0.000000
388.842621 0.000000 0.000000 0.000000
389.258972 0.000000 0.000000 0.000000
389.675262 0.000000 0.000000 0.000000
390.091583 0.000000 0.000000 0.000000
390.507874 0.000000 0.000000 0.000000
390.924225 0.000000 0.000000 0.000000
391.340576 0.000000 0.000000 0.000000
391.756866 0.000000 0.000000 0.000000
392.173187 0.000000 0.000000 0.000000
392.589478 0.000000 0.000000 0.000000
393.005829 0.000000 0.000000 0.000000
393.422180 0.000000 0.000000 0.000000
393.838470 0.000000 0.000000 0.000000
394.254791 0.000000 0.000000 0.000000
394.671082 0.000000 0.000000 0.000000
395.087433 0.000000 0.000000 0.000000
395.503784 0.000000 0.000000 0.000000
395.920074 0.000000 0.000000 0.000000
396.336395 0.000000 0.000000 0.000000
396.752686 0.000000 0.000000 0.000000
397.169006 0.000000 0.000000 0.000000
397.585327 0.000000 0.000000 0.000000
398.001648 0.000000 0.000000 0.000000
398.417969 0.000000 0.000000 0.000000
398.834290 0.000000 0.000000 0.000000
399.250610 0.000000 0.000000 0.000000
399.666931 0.000000 0.000000 0.000000
400.083252 0.000000 0.000000 0.000000
400.499573 0.000000 0.000000 0.000000
400.915894 0.000000 0.000000 0.000000
401.332214 0.000000 0.000000 0.000000
401.748535 0.000000 0.000000 0.000000
402.164856 0.000000 0.000000 0.000000
402.581177 0.000000 0.000000 0.000000
402.997498 0.000000 0.000000 0.000000
403.413818 0.000000 0.000000 0.000000
403.830139 0.000000 0.000000 0.000000
404.246460 0.000000 0.000000 0.000000
404.662781 0.000000 0.000000 0.000000
405.079102 0.000000 0.000000 0.000000
405.495422 0.000000 0.000000 0.000000
405.911743 0.000000 0.000000 0.000000
406.328064 0.000000 0.000000 0.000000
406.744385 0.000000 0.000000 0.000000
407.160706 0.000000 0.000000 0.000000
407.577026 0.000000 0.000000 0.000000
407.993347 0.000000 0.000000 0.000000
408.409668 0.000000 0.000000 0.000000
408.825958 0.000000 0.000000 0.000000
409.242279 0.000000 0.000000 0.000000
409.658569 0.000000 0.000000 0.000000
410.074921 0.000000 0.000000 0.000000
410.491272 0.000000 0.000000 0.000000
410.907562 0.000000 0.000000 0.000000
411.323883 0.000000 0.000000 0.000000
411.740173 0.000000 0.000000 0.000000
412.156525 0.000000 0.000000 0.000000
412.572876 0.000000 0.000000 0.000000
412.989166 0.000000 0.000000 0.000000
413.405487 0.000000 0.000000 0.000000
413.821777 0.000000 0.000000 0.000000
414.238129 0.000000 0.000000 0.000000
414.654480 0.000000 0.000000 0.000000
415.070770 0.000000 0.000000 0.000000
415.487091 0.000000 0.000000 0.000000
415.903381 0.000000 0.000000 0.000000
416.319733 0.000000 0.000000 0.000000
416.736084 0.000000 0.000000 0.000000
417.152374 0.000000 0.000000 0.000000
417.568695 0.000000 0.000000 0.000000
417.984985 0.000000 0.000000 0.000000
418.401337 0.000000 0.000000 0.000000
418.817688 0.000000 0.000000 0.000000
419.233978 0.000000 0.000000 0.000000
419.650299 0.000000 0.000000 0.000000
420.066589 0.000000 0.000000 0.000000
420.482910 0.000000 0.000000 0.000000
420.899231 0.000000 0.000000 0.000000
421.315552 0.000000 0.000000 0.000000
421.731873 0.000000 0.000000 0.000000
422.148193 0.000000 0.000000 0.000000
422.564514 0.000000 0.000000 0.000000
422.980835 0.000000 0.000000 0.000000
423.397156 0.000000 0.000000 0.000000
423.813477 0.000000 0.000000 0.000000
424.229797 0.000000 0.000000 0.000000
424.646118 0.000000 0.000000 0.000000
425.062439 0.000000 0.000000 0.000000
425.478760 0.000000 0.000000 0.000000
425.895081 0.000000 0.000000 0.000000
426.311401 0.000000 0.000000 0.000000
426.727722 0.000000 0.000000 0.000000
427.144043 0.000000 0.000000 0.000000
427.560364 0.000000 0.000000 0.000000
427.976685 0.000000 0.000000 0.000000
428.393005 0.000000 0.000000 0.000000
428.809326 0.000000 0.000000 0.000000
429.225647 0.000000 0.000000 0.000000
429.641968 0.000000 0.000000 0.000000
430.058289 0.000000 0.000000 0.000000
430.474609 0.000000 0.000000 0.000000
430.890930 0.000000 0.000000 0.000000
431.307251 0.000000 0.000000 0.000000
431.723572 0.000000 0.000000 0.000000
432.139893 0.000000 0.000000 0.000000
432.556183 0.000000 0.000000 0.000000
432.972473 0.000000 0.000000 0.000000
433.388824 0.000000 0.000000 0.000000
433.805176 0.000000 0.000000 0.000000
434.221466 0.000000 0.000000 0.000000
434.637787 0.000000 0.000000 0.000000
435.054077 0.000000 0.000000 0.000000
435.470428 0.000000 0.000000 0.000000
435.886780 0.000000 0.000000 0.000000
436.303070 0.000000 0.000000 0.000000
436.719391 0.000000 0.000000 0.000000
437.135681 0.000000 0.000000 0.000000
437.552032 0.000000 0.000000 0.000000
437.968384 0.000000 0.000000 0.000000
438.384674 0.000000 0.000000 0.000000
438.800995 0.000000 0.000000 0.000000
439.217285 0.000000 0.000000 0.000000
439.633636 0.000000 0.000000 0.000000
440.049988 0.000000 0.000000 0.000000
440.466278 0.000000 0.000000 0.000000
440.882599 0.000000 0.000000 0.000000
441.298889 0.000000 0.000000 0.000000
441.715240 0.000000 0.000000 0.000000
442.131592 0.000000 0.000000 0.000000
442.547882 0.000000 0.000000 0.000000
442.964203 0.000000 0.000000 0.000000
443.380493 0.000000 0.000000 0.000000
443.796844 0.000000 0.000000 0.000000
444.213135 0.000000 0.000000 0.000000
444.629456 0.000000 0.000000 0.000000
445.045776 0.000000 0.000000 0.000000
445.462097 0.000000 0.000000 0.000000
445.878418 0.000000 0.000000 0.000000
446.294739 0.000000 0.000000 0.000000
446.711060 0.000000 0.000000 0.000000
447.127380 0.000000 0.000000 0.000000
447.543701 0.000000 0.000000 0.000000
447.960022 0.000000 0.000000 0.000000
448.376343 0.000000 0.000000 0.000000
448.792664 0.000000 0.000000 0.000000
449.208984 0.000000 0.000000 0.000000
449.625305 0.000000 0.000000 0.000000
450.041626 0.000000 0.000000 0.000000
450.457947 0.000000 0.000000 0.000000
450.874268 0.000000 0.000000 0.000000
451.290588 0.000000 0.000000 0.000000
451.706909 0.000000 0.000000 0.000000
452.123230 0.000000 0.000000 0.000000
452.539551 0.000000 0.000000 0.000000
452.955872 0.000000 0.000000 0.000000
453.372192 0.000000 0.000000 0.000000
453.788513 0.000000 0.000000 0.000000
454.204834 0.000000 0.000000 0.000000
454.621155 0.000000 0.000000 0.000000
455.037476 0.000000 0.000000 0.000000
455.453796 0.000000 0.000000 0.000000
455.870117 0.000000 0.000000 0.000000
456.286377 0.000000 0.000000 0.000000
456.702728 0.000000 0.000000 0.000000
457.119080 0.000000 0.000000 0.000000
457.535370 0.000000 0.000000 0.000000
457.951691 0.000000 0.000000 0.000000
458.367981 0.000000 0.000000 0.000000
458.784332 0.000000 0.000000 0.000000
459.200684 0.000000 0.000000 0.000000
459.616974 0.000000 0.000000 0.000000
460.033295 0.000000 0.000000 0.000000
460.449585 0.000000 0.000000 0.000000
460.865936 0.000000 0.000000 0.000000
461.282288 0.000000 0.000000 0.000000
461.698578 0.000000 0.000000 0.000000
462.114899 0.000000 0.000000 0.000000
462.531189 0.000000 0.000000 0.000000
462.947540 0.000000 0.000000 0.000000
463.363892 0.000000 0.000000 0.000000
463.780182 0.000000 0.000000 0.000000
464.196503 0.000000 0.000000 0.000000
464.612793 0.000000 0.000000 0.000000
465.029144 0.000000 0.000000 0.000000
465.445496 0.000000 0.000000 0.000000
465.861786 0.000000 0.000000 0.000000
466.278107 0.000000 0.000000 0.000000
466.694397 0.000000 0.000000 0.000000
467.110748 0.000000 0.000000 0.000000
467.527100 0.000000 0.000000 0.000000
467.943359 0.000000 0.000000 0.000000
468.359680 0.000000 0.000000 0.000000
468.776001 0.000000 0.000000 0.000000
469.192322 0.000000 0.000000 0.000000
469.608643 0.000000 0.000000 0.000000
470.024963 0.000000 0.000000 0.000000
470.441284 0.000000 0.000000 0.000000
470.857605 0.000000 0.000000 0.000000
471.273926 0.000000 0.000000 0.000000
471.690247 0.000000 0.000000 0.000000
472.106567 0.000000 0.000000 0.000000
472.522888 0.000000 0.000000 0.000000
472.939209 0.000000 0.000000 0.000000
473.355530 0.000000 0.000000 0.000000
473.771851 0.000000 0.000000 0.000000
474.188171 0.000000 0.000000 0.000000
474.604492 0.000000 0.000000 0.000000
475.020813 0.000000 0.000000 0.000000
475.437134 0.000000 0.000000 0.000000
475.853455 0.000000 0.000000 0.000000
476.269775 0.000000 0.000000 0.000000
476.686096 0.000000 0.000000 0.000000
477.102417 0.000000 0.000000 0.000000
477.518738 0.000000 0.000000 0.000000
477.935059 0.000000 0.000000 0.000000
478.351379 0.000000 0.000000 0.000000
478.767700 0.000000 0.000000 0.000000
479.184021 0.000000 0.000000 0.000000
479.600342 0.000000 0.000000 0.000000
480.016632 0.000000 0.000000 0.000000
480.432983 0.000000 0.000000 0.000000
480.849274 0.000000 0.000000 0.000000
481.265594 0.000000 0.000000 0.000000
481.681885 0.000000 0.000000 0.000000
482.098236 0.000000 0.000000 0.000000
482.514587 0.000000 0.000000 0.000000
482.930878 0.000000 0.000000 0.000000
483.347198 0.000000 0.000000 0.000000
483.763489 0.000000 0.000000 0.000000
484.179840 0.000000 0.000000 0.000000
484.596191 0.000000 0.000000 0.000000
485.012482 0.000000 0.000000 0.000000
485.428802 0.000000 0.000000 0.000000
485.845093 0.000000 0.000000 0.000000
486.261444 0.000000 0.000000 0.000000
486.677795 0.000000 0.000000 0.000000
487.094086 0.000000 0.000000 0.000000
487.510406 0.000000 0.000000 0.000000
487.926697 0.000000 0.000000 0.000000
488.343048 0.000000 0.000000 0.000000
488.759399 0.000000 0.000000 0.000000
489.175690 0.000000 0.000000 0.000000
489.592010 0.000000 0.000000 0.000000
490.008301 0.000000 0.000000 0.000000
490.424652 0.000000 0.000000 0.000000
490.841003 0.000000 0.000000 0.000000
491.257294 0.000000 0.000000 0.000000
491.673584 0.000000 0.000000 0.000000
492.089905 0.000000 0.000000 0.000000
492.506226 0.000000 0.000000 0.000000
492.922546 0.000000 0.000000 0.000000
493.338867 0.000000 0.000000 0.000000
493.755188 0.000000 0.000000 0.000000
494.171509 0.000000 0.000000 0.000000
494.587830 0.000000 0.000000 0.000000
495.004150 0.000000 0.000000 0.000000
495.420471 0.000000 0.000000 0.000000
495.836792 0.000000 0.000000 0.000000
496.253113 0.000000 0.000000 0.000000
496.669434 0.000000 0.000000 0.000000
497.085754 0.000000 0.000000 0.000000
497.502075 0.000000 0.000000 0.000000
497.918396 0.000000 0.000000 0.000000
498.334717 0.000000 0.000000 0.000000
498.751038 0.000000 0.000000 0.000000
499.167358 0.000000 0.000000 0.000000
499.583679 0.000000 0.000000 0.000000
500.000000 0.000000 0.000000 0.000000
1201
0.416320 0.000000 -0.000000 0.000000
0.832639 0.000028 0.005236 0.005236
1.248959 0.000109 0.010472 0.010473
1.665279 0.000247 0.015707 0.015711
2.081599 0.000439 0.020939 0.020948
2.497918 0.000685 0.026170 0.026188
2.914238 0.000988 0.031400 0.031431
3.330558 0.001344 0.036628 0.036677
3.746878 0.001756 0.041851 0.041925
4.163198 0.002221 0.047071 0.047176
4.579517 0.002742 0.052288 0.052432
4.995837 0.003319 0.057500 0.057691
5.412157 0.003951 0.062707 0.062955
5.828476 0.004637 0.067911 0.068226
6.244796 0.005379 0.073106 0.073500
6.661116 0.006174 0.078298 0.078783
7.077435 0.007027 0.083481 0.084069
7.493755 0.007932 0.088658 0.089363
7.910075 0.008896 0.093828 0.094665
8.326395 0.009913 0.098991 0.099975
8.742714 0.010986 0.104144 0.105292
9.159034 0.012115 0.109289 0.110618
9.575354 0.013299 0.114426 0.115954
9.991673 0.014536 0.119551 0.121297
10.407993 0.015833 0.124668 0.126653
10.824313 0.017183 0.129773 0.132016
11.240633 0.018588 0.134869 0.137392
11.656952 0.020050 0.139953 0.142778
12.073271 0.021569 0.145025 0.148175
12.489592 0.023142 0.150082 0.153583
12.905911 0.024772 0.155129 0.159005
13.322231 0.026457 0.160164 0.164439
13.738551 0.028199 0.165183 0.169885
14.154871 0.029997 0.170190 0.175348
14.571191 0.031851 0.175180 0.180820
14.987511 0.033764 0.180157 0.186310
15.403830 0.035729 0.185119 0.191813
15.820149 0.037754 0.190063 0.197331
16.236469 0.039833 0.194992 0.202865
16.652790 0.041972 0.199903 0.208414
17.069109 0.044164 0.204797 0.213979
17.485428 0.046414 0.209673 0.219560
17.901749 0.048723 0.214532 0.225160
18.318068 0.051086 0.219371 0.230775
18.734388 0.053509 0.224190 0.236407
19.150707 0.055987 0.228992 0.242060
19.567028 0.058523 0.233772 0.247730
19.983347 0.061116 0.238532 0.253419
20.399666 0.063765 0.243269 0.259125
20.815987 0.066474 0.247986 0.264851
21.232304 0.069240 0.252681 0.270599
21.648626 0.072062 0.257353 0.276365
22.064945 0.074944 0.262001 0.282150
22.481266 0.077881 0.266627 0.287958
22.897585 0.080878 0.271228 0.293786
23.313904 0.083931 0.275804 0.299635
23.730225 0.087043 0.280354 0.305505
24.146542 0.090212 0.284879 0.311397
24.562864 0.093441 0.289378 0.317311
24.979183 0.096726 0.293852 0.323250
25.395504 0.100070 0.298296 0.329207
25.811823 0.103472 0.302714 0.335190
26.228144 0.106933 0.307105 0.341197
26.644463 0.110450 0.311466 0.347226
27.060780 0.114027 0.315796 0.353277
27.477102 0.117660 0.320098 0.359354
27.893421 0.121355 0.324370 0.365455
28.309742 0.125105 0.328611 0.371580
28.726061 0.128914 0.332821 0.377729
29.142382 0.132781 0.336998 0.383902
29.558701 0.136707 0.341144 0.390102
29.975021 0.140690 0.345258 0.396327
30.391340 0.144732 0.349335 0.402574
30.807659 0.148832 0.353381 0.408849
31.223980 0.152989 0.357390 0.415148
31.640299 0.157205 0.361368 0.421475
32.056618 0.161478 0.365308 0.427825
32.472939 0.165809 0.369212 0.434203
32.889259 0.170199 0.373079 0.440604
33.305580 0.174646 0.376909 0.447033
33.721897 0.179149 0.380702 0.453487
34.138218 0.183710 0.384457 0.459967
34.554539 0.188329 0.388172 0.466474
34.970856 0.193006 0.391849 0.473008
35.387177 0.197738 0.395487 0.479567
35.803497 0.202528 0.399084 0.486153
36.219818 0.207375 0.402639 0.492764
36.636135 0.212277 0.406153 0.499401
37.052456 0.217236 0.409625 0.506064
37.468777 0.222250 0.413054 0.512750
37.885094 0.227322 0.416441 0.519466
38.301414 0.232447 0.419786 0.526208
38.717735 0.237629 0.423084 0.532973
39.134056 0.242865 0.426339 0.539765
39.550373 0.248156 0.429548 0.546581
39.966694 0.253501 0.432713 0.553423
40.383015 0.258903 0.435831 0.560291
40.799332 0.264356 0.438903 0.567183
41.215652 0.269862 0.441927 0.574098
41.631973 0.275421 0.444903 0.581037
42.048294 0.281034 0.447833 0.588003
42.464607 0.286700 0.450713 0.594991
42.880932 0.292417 0.453544 0.602003
43.297253 0.298186 0.456325 0.609037
43.713570 0.304005 0.459057 0.616095
44.129890 0.309873 0.461736 0.623172
44.546211 0.315793 0.464366 0.630275
44.962532 0.321761 0.466943 0.637396
45.378845 0.327779 0.469469 0.644540
45.795170 0.333847 0.471943 0.651706
46.211491 0.339960 0.474363 0.658889
46.627808 0.346121 0.476731 0.666095
47.044128 0.352331 0.479045 0.673321
47.460449 0.358587 0.481304 0.680564
47.876770 0.364887 0.483509 0.687825
48.293083 0.371231 0.485658 0.695102
48.709408 0.377620 0.487752 0.702399
49.125729 0.384054 0.489791 0.709712
49.542049 0.390530 0.491772 0.717040
49.958366 0.397047 0.493697 0.724384
50.374687 0.403606 0.495566 0.731741
50.791008 0.410208 0.497375 0.739113
51.207321 0.416846 0.499127 0.746495
51.623646 0.423526 0.500822 0.753894
52.039967 0.430244 0.502459 0.761305
52.456287 0.436999 0.504036 0.768725
52.872604 0.443791 0.505555 0.776156
53.288925 0.450617 0.507012 0.783594
53.705246 0.457481 0.508411 0.791043
54.121559 0.464378 0.509748 0.798497
54.537884 0.471308 0.511027 0.805961
54.954205 0.478271 0.512245 0.813430
55.370525 0.485266 0.513403 0.820907
55.786842 0.492291 0.514499 0.828387
56.203163 0.499347 0.515533 0.835869
56.619484 0.506430 0.516505 0.843354
57.035797 0.513540 0.517416 0.850841
57.452122 0.520680 0.518266 0.858332
57.868443 0.527844 0.519053 0.865819
58.284763 0.535033 0.519776 0.873305
58.701080 0.542247 0.520438 0.880790
59.117401 0.549482 0.521039 0.888272
59.533722 0.556741 0.521576 0.895751
59.950043 0.564020 0.522048 0.903222
60.366360 0.571322 0.522460 0.910693
60.782681 0.578638 0.522807 0.918151
61.199001 0.585976 0.523093 0.925606
61.615318 0.593327 0.523313 0.933047
62.031639 0.600699 0.523472 0.940484
62.447960 0.608080 0.523567 0.947904
62.864281 0.615480 0.523598 0.955315
63.280598 0.622892 0.523567 0.962716
63.696918 0.630313 0.523472 0.970098
64.113235 0.637748 0.523313 0.977468
64.529556 0.645190 0.523093 0.984821
64.945877 0.652644 0.522807 0.992157
65.362198 0.660103 0.522460 0.999475
65.778519 0.667572 0.522048 1.006774
66.194839 0.675046 0.521576 1.014057
66.611160 0.682525 0.521039 1.021315
67.027473 0.690005 0.520438 1.028548
67.443794 0.697491 0.519776 1.035762
67.860115 0.704979 0.519053 1.042954
68.276436 0.712466 0.518266 1.050118
68.692757 0.719956 0.517416 1.057257
69.109077 0.727442 0.516505 1.064366
69.525398 0.734927 0.515532 1.071450
69.941711 0.742411 0.514499 1.078507
70.358032 0.749891 0.513403 1.085532
70.774353 0.757365 0.512245 1.092524
71.190674 0.764835 0.511027 1.099487
71.606995 0.772298 0.509749 1.106417
72.023315 0.779755 0.508411 1.113316
72.439636 0.787201 0.507011 1.120176
72.855949 0.794640 0.505554 1.127004
73.272270 0.802073 0.504036 1.133799
73.688591 0.809492 0.502459 1.140553
74.104912 0.816902 0.500822 1.147269
74.521233 0.824301 0.499127 1.153951
74.937553 0.831684 0.497375 1.160589
75.353874 0.839054 0.495565 1.167188
75.770187 0.846414 0.493697 1.173750
76.186508 0.853757 0.491772 1.180268
76.602829 0.861085 0.489790 1.186743
77.019150 0.868398 0.487752 1.193177
77.435471 0.875694 0.485658 1.199565
77.851791 0.882971 0.483509 1.205909
78.268112 0.890232 0.481304 1.212210
78.684425 0.897477 0.479045 1.218467
79.100746 0.904702 0.476731 1.224675
79.517067 0.911904 0.474365 1.230834
79.933388 0.919090 0.471943 1.236949
80.349716 0.926256 0.469469 1.243017
80.766029 0.933400 0.466944 1.249035
81.182343 0.940521 0.464366 1.255002
81.598663 0.947624 0.461736 1.260923
82.014984 0.954702 0.459056 1.266792
82.431305 0.961758 0.456325 1.272610
82.847626 0.968794 0.453544 1.278380
83.263947 0.975806 0.450713 1.284098
83.680267 0.982794 0.447832 1.289763
84.096588 0.989759 0.444903 1.295375
84.512901 0.996698 0.441927 1.300934
84.929214 1.003614 0.438903 1.306440
85.345543 1.010505 0.435831 1.311893
85.761864 1.017375 0.432713 1.317296
86.178192 1.024216 0.429548 1.322641
86.594505 1.031032 0.426339 1.327932
87.010818 1.037824 0.423084 1.333168
87.427139 1.044590 0.419785 1.338351
87.843460 1.051329 0.416441 1.343474
88.259781 1.058044 0.413055 1.348547
88.676102 1.064733 0.409625 1.353561
89.092422 1.071397 0.406153 1.358521
89.508743 1.078032 0.402639 1.363421
89.925064 1.084645 0.399083 1.368270
90.341377 1.091231 0.395487 1.373060
90.757690 1.097789 0.391849 1.377791
91.174019 1.104322 0.388172 1.382467
91.590340 1.110830 0.384456 1.387087
92.006668 1.117310 0.380702 1.391648
92.422981 1.123763 0.376909 1.396150
92.839294 1.130191 0.373079 1.400596
93.255615 1.136595 0.369212 1.404988
93.671936 1.142972 0.365308 1.409320
94.088257 1.149323 0.361368 1.413593
94.504578 1.155648 0.357391 1.417806
94.920898 1.161947 0.353381 1.421964
95.337219 1.168222 0.349335 1.426064
95.753540 1.174471 0.345257 1.430108
96.169861 1.180694 0.341144 1.434089
96.586166 1.186894 0.336998 1.438015
97.002495 1.193067 0.332821 1.441883
97.418816 1.199216 0.328611 1.445691
97.835144 1.205340 0.324370 1.449441
98.251457 1.211443 0.320098 1.453136
98.667770 1.217518 0.315796 1.456769
99.084099 1.223571 0.311466 1.460348
99.500412 1.229599 0.307105 1.463863
99.916733 1.235606 0.302714 1.467325
100.333054 1.241586 0.298298 1.470725
100.749374 1.247547 0.293852 1.474071
101.165695 1.253484 0.289378 1.477355
101.582016 1.259400 0.284879 1.480585
101.998337 1.265292 0.280354 1.483754
102.414642 1.271162 0.275803 1.486865
102.830971 1.277011 0.271228 1.489919
103.247292 1.282840 0.266626 1.492916
103.663620 1.288645 0.262001 1.495852
104.079933 1.294433 0.257353 1.498735
104.496246 1.300198 0.252681 1.501557
104.912575 1.305945 0.247986 1.504323
105.328888 1.311673 0.243269 1.507032
105.745209 1.317378 0.238532 1.509681
106.161530 1.323067 0.233772 1.512273
106.577850 1.328736 0.228992 1.514810
106.994171 1.334388 0.224190 1.517286
107.410492 1.340023 0.219371 1.519711
107.826813 1.345636 0.214532 1.522072
108.243118 1.351237 0.209673 1.524382
108.659447 1.356818 0.204797 1.526633
109.075768 1.362382 0.199903 1.528824
109.492096 1.367933 0.194992 1.530964
109.908409 1.373465 0.190063 1.533042
110.324722 1.378984 0.185118 1.535068
110.741051 1.384485 0.180157 1.537032
111.157364 1.389977 0.175180 1.538946
111.573685 1.395450 0.170190 1.540800
111.990005 1.400911 0.165183 1.542597
112.406326 1.406357 0.160164 1.544339
112.822647 1.411791 0.155130 1.546024
113.238968 1.417214 0.150082 1.547655
113.655289 1.422621 0.145025 1.549228
114.071594 1.428019 0.139953 1.550747
114.487923 1.433405 0.134869 1.552208
114.904243 1.438779 0.129773 1.553612
115.320572 1.444143 0.124668 1.554963
115.736885 1.449500 0.119550 1.556261
116.153198 1.454841 0.114426 1.557497
116.569527 1.460177 0.109289 1.558680
116.985840 1.465505 0.104144 1.559811
117.402161 1.470822 0.098991 1.560884
117.818481 1.476131 0.093828 1.561901
118.234802 1.481434 0.088658 1.562865
118.651123 1.486726 0.083482 1.563768
119.067444 1.492015 0.078298 1.564623
119.483765 1.497296 0.073106 1.565417
119.900085 1.502570 0.067911 1.566159
120.316399 1.507840 0.062707 1.566844
120.732719 1.513105 0.057500 1.567478
121.149048 1.518365 0.052288 1.568054
121.565361 1.523621 0.047071 1.568575
121.981674 1.528871 0.041851 1.569040
122.398003 1.534119 0.036628 1.569452
122.814323 1.539365 0.031400 1.569808
123.230637 1.544607 0.026172 1.570112
123.646957 1.549848 0.020939 1.570356
124.063278 1.555085 0.015707 1.570548
124.479599 1.560325 0.010472 1.570688
124.895920 1.565560 0.005236 1.570768
125.312241 1.570796 -0.000000 1.570796
125.728561 1.576032 -0.005236 1.570768
126.144875 1.581270 -0.010472 1.570688
126.561195 1.586506 -0.015707 1.570548
126.977524 1.591744 -0.020939 1.570356
127.393837 1.596985 -0.026170 1.570112
127.810150 1.602227 -0.031400 1.569808
128.226471 1.607473 -0.036628 1.569452
128.642792 1.612720 -0.041852 1.569040
129.059113 1.617972 -0.047071 1.568575
129.475433 1.623228 -0.052288 1.568054
129.891754 1.628488 -0.057500 1.567478
130.308075 1.633751 -0.062707 1.566844
130.724396 1.639022 -0.067911 1.566159
131.140717 1.644296 -0.073106 1.565417
131.557037 1.649580 -0.078298 1.564623
131.973358 1.654865 -0.083482 1.563768
132.389679 1.660161 -0.088658 1.562865
132.806000 1.665461 -0.093828 1.561901
133.222321 1.670772 -0.098991 1.560884
133.638626 1.676088 -0.104144 1.559811
134.054947 1.681414 -0.109289 1.558680
134.471268 1.686750 -0.114426 1.557497
134.887589 1.692094 -0.119550 1.556261
135.303909 1.697448 -0.124668 1.554963
135.720230 1.702811 -0.129773 1.553612
136.136551 1.708188 -0.134869 1.552208
136.552872 1.713575 -0.139953 1.550746
136.969193 1.718969 -0.145023 1.549227
137.385513 1.724379 -0.150083 1.547655
137.801834 1.729801 -0.155130 1.546024
138.218155 1.735236 -0.160164 1.544340
138.634476 1.740681 -0.165183 1.542597
139.050797 1.746145 -0.170190 1.540800
139.467102 1.751617 -0.175180 1.538945
139.883423 1.757106 -0.180157 1.537032
140.299744 1.762610 -0.185118 1.535068
140.716064 1.768127 -0.190063 1.533042
141.132385 1.773662 -0.194992 1.530965
141.548706 1.779210 -0.199903 1.528824
141.965027 1.784775 -0.204797 1.526633
142.381348 1.790357 -0.209673 1.524382
142.797668 1.795956 -0.214532 1.522073
143.213989 1.801571 -0.219371 1.519711
143.630310 1.807203 -0.224190 1.517287
144.046631 1.812857 -0.228992 1.514810
144.462952 1.818526 -0.233772 1.512273
144.879272 1.824212 -0.238530 1.509681
145.295578 1.829922 -0.243269 1.507032
145.711899 1.835648 -0.247986 1.504323
146.128220 1.841393 -0.252679 1.501557
146.544540 1.847159 -0.257351 1.498735
146.960861 1.852946 -0.262001 1.495852
147.377182 1.858755 -0.266626 1.492916
147.793503 1.864581 -0.271227 1.489919
148.209824 1.870432 -0.275803 1.486865
148.626144 1.876302 -0.280354 1.483754
149.042465 1.882194 -0.284879 1.480585
149.458786 1.888107 -0.289378 1.477355
149.875107 1.894044 -0.293850 1.474071
150.291428 1.900003 -0.298296 1.470725
150.707748 1.905987 -0.302714 1.467325
151.124054 1.911994 -0.307105 1.463863
151.540375 1.918023 -0.311466 1.460347
151.956696 1.924073 -0.315796 1.456769
152.373016 1.930150 -0.320098 1.453136
152.789337 1.936251 -0.324370 1.449441
153.205658 1.942376 -0.328611 1.445691
153.621979 1.948525 -0.332821 1.441883
154.038300 1.954698 -0.336998 1.438015
154.454620 1.960898 -0.341144 1.434089
154.870941 1.967124 -0.345257 1.430108
155.287262 1.973370 -0.349335 1.426064
155.703583 1.979645 -0.353381 1.421964
156.119904 1.985944 -0.357391 1.417806
156.536224 1.992271 -0.361368 1.413593
156.952530 1.998622 -0.365308 1.409320
157.368851 2.005000 -0.369212 1.404988
157.785172 2.011400 -0.373079 1.400596
158.201492 2.017829 -0.376909 1.396150
158.617813 2.024283 -0.380702 1.391648
159.034134 2.030764 -0.384456 1.387087
159.450455 2.037270 -0.388172 1.382467
159.866776 2.043804 -0.391849 1.377791
160.283081 2.050364 -0.395487 1.373060
160.699432 2.056947 -0.399082 1.368270
161.115738 2.063558 -0.402638 1.363420
161.532059 2.070198 -0.406153 1.358521
161.948380 2.076861 -0.409625 1.353561
162.364685 2.083547 -0.413054 1.348547
162.781036 2.090262 -0.416441 1.343474
163.197327 2.097004 -0.419785 1.338350
163.613647 2.103770 -0.423084 1.333168
164.029968 2.110562 -0.426339 1.327931
164.446289 2.117377 -0.429548 1.322641
164.862610 2.124219 -0.432713 1.317296
165.278931 2.131087 -0.435831 1.311893
165.695251 2.137979 -0.438903 1.306440
166.111572 2.144895 -0.441927 1.300934
166.527893 2.151834 -0.444903 1.295375
166.944214 2.158799 -0.447833 1.289763
167.360535 2.165788 -0.450713 1.284098
167.776855 2.172799 -0.453544 1.278380
168.193176 2.179834 -0.456325 1.272610
168.609497 2.186888 -0.459055 1.266792
169.025803 2.193968 -0.461736 1.260923
169.442123 2.201071 -0.464366 1.255002
169.858429 2.208193 -0.466944 1.249035
170.274780 2.215336 -0.469469 1.243017
170.691086 2.222502 -0.471943 1.236948
171.107407 2.229686 -0.474363 1.230834
171.523727 2.236891 -0.476731 1.224675
171.940033 2.244117 -0.479045 1.218467
172.356384 2.251359 -0.481304 1.212210
172.772690 2.258621 -0.483509 1.205909
173.189011 2.265899 -0.485658 1.199565
173.605331 2.273196 -0.487752 1.193178
174.021637 2.280509 -0.489790 1.186743
174.437988 2.287837 -0.491772 1.180268
174.854279 2.295180 -0.493697 1.173751
175.270599 2.302538 -0.495565 1.167192
175.686920 2.309910 -0.497375 1.160589
176.103241 2.317291 -0.499127 1.153951
176.519562 2.324690 -0.500822 1.147269
176.935883 2.332099 -0.502458 1.140553
177.352203 2.339521 -0.504036 1.133799
177.768524 2.346948 -0.505553 1.127008
178.184845 2.354390 -0.507012 1.120180
178.601166 2.361839 -0.508411 1.113316
179.017487 2.369294 -0.509749 1.106417
179.433807 2.376758 -0.511027 1.099487
179.850128 2.384227 -0.512245 1.092524
180.266449 2.391703 -0.513403 1.085532
180.682755 2.399183 -0.514499 1.078507
181.099075 2.406666 -0.515532 1.071450
181.515381 2.414151 -0.516505 1.064366
181.931732 2.421637 -0.517416 1.057257
182.348038 2.429128 -0.518266 1.050118
182.764359 2.436615 -0.519053 1.042954
183.180679 2.444101 -0.519776 1.035762
183.596985 2.451586 -0.520438 1.028548
184.013336 2.459068 -0.521039 1.021315
184.429642 2.466547 -0.521576 1.014057
184.845963 2.474019 -0.522048 1.006774
185.262283 2.481490 -0.522460 0.999475
185.678589 2.488947 -0.522807 0.992157
186.094940 2.496403 -0.523093 0.984821
186.511230 2.503844 -0.523313 0.977468
186.927551 2.511280 -0.523472 0.970098
187.343872 2.518701 -0.523567 0.962716
187.760193 2.526111 -0.523598 0.955315
188.176514 2.533512 -0.523567 0.947904
188.592834 2.540894 -0.523472 0.940484
189.009155 2.548264 -0.523313 0.933047
189.425476 2.555617 -0.523093 0.925606
189.841797 2.562954 -0.522807 0.918151
190.258118 2.570271 -0.522460 0.910693
190.674438 2.577571 -0.522048 0.903222
191.090759 2.584851 -0.521575 0.895750
191.507080 2.592111 -0.521039 0.888272
191.923401 2.599344 -0.520438 0.880789
192.339722 2.606559 -0.519776 0.873305
192.756027 2.613747 -0.519052 0.865819
193.172333 2.620914 -0.518266 0.858332
193.588684 2.628049 -0.517415 0.850841
194.004990 2.635163 -0.516505 0.843355
194.421310 2.642246 -0.515532 0.835870
194.837631 2.649302 -0.514499 0.828387
195.253937 2.656328 -0.513403 0.820907
195.670288 2.663321 -0.512245 0.813430
196.086594 2.670284 -0.511027 0.805961
196.502914 2.677214 -0.509749 0.798498
196.919235 2.684112 -0.508411 0.791043
197.335541 2.690973 -0.507011 0.783594
197.751892 2.697800 -0.505553 0.776156
198.168198 2.704595 -0.504036 0.768725
198.584503 2.711349 -0.502459 0.761305
199.000824 2.718066 -0.500822 0.753893
199.417145 2.724747 -0.499127 0.746495
199.833466 2.731385 -0.497376 0.739113
200.249786 2.737984 -0.495565 0.731741
200.666107 2.744546 -0.493697 0.724384
201.082428 2.751063 -0.491772 0.717040
201.498749 2.757540 -0.489791 0.709712
201.915070 2.763973 -0.487753 0.702399
202.331390 2.770361 -0.485658 0.695102
202.747711 2.776706 -0.483509 0.687825
203.164032 2.783006 -0.481304 0.680565
203.580353 2.789263 -0.479045 0.673321
203.996674 2.795471 -0.476731 0.666095
204.412979 2.801631 -0.474364 0.658893
204.829285 2.807745 -0.471943 0.651706
205.245636 2.813813 -0.469469 0.644540
205.661942 2.819831 -0.466943 0.637396
206.078262 2.825799 -0.464366 0.630275
206.494583 2.831720 -0.461736 0.623172
206.910889 2.837588 -0.459056 0.616095
207.327240 2.843407 -0.456325 0.609037
207.743546 2.849176 -0.453544 0.602003
208.159866 2.854893 -0.450713 0.594991
208.576187 2.860559 -0.447833 0.588003
208.992493 2.866171 -0.444903 0.581037
209.408844 2.871730 -0.441927 0.574098
209.825150 2.877237 -0.438903 0.567183
210.241455 2.882689 -0.435831 0.560291
210.657776 2.888092 -0.432713 0.553422
211.074097 2.893437 -0.429548 0.546581
211.490417 2.898727 -0.426339 0.539765
211.906738 2.903964 -0.423084 0.532973
212.323059 2.909146 -0.419785 0.526208
212.739380 2.914271 -0.416441 0.519466
213.155701 2.919343 -0.413056 0.512753
213.572021 2.924357 -0.409625 0.506064
213.988342 2.929316 -0.406153 0.499401
214.404663 2.934217 -0.402639 0.492764
214.820984 2.939065 -0.399084 0.486153
215.237305 2.943853 -0.395486 0.479567
215.653625 2.948587 -0.391849 0.473008
216.069946 2.953263 -0.388172 0.466474
216.486237 2.957883 -0.384457 0.459967
216.902588 2.962444 -0.380702 0.453487
217.318893 2.966947 -0.376909 0.447033
217.735214 2.971393 -0.373079 0.440604
218.151535 2.975783 -0.369212 0.434203
218.567841 2.980115 -0.365308 0.427825
218.984192 2.984388 -0.361368 0.421475
219.400497 2.988603 -0.357390 0.415148
219.816818 2.992761 -0.353381 0.408849
220.233139 2.996861 -0.349335 0.402574
220.649445 3.000903 -0.345258 0.396327
221.065796 3.004886 -0.341144 0.390102
221.482101 3.008812 -0.336998 0.383902
221.898422 3.012679 -0.332821 0.377729
222.314728 3.016487 -0.328611 0.371580
222.731049 3.020238 -0.324370 0.365455
223.147369 3.023932 -0.320098 0.359354
223.563690 3.027566 -0.315796 0.353277
223.980011 3.031143 -0.311466 0.347226
224.396332 3.034660 -0.307105 0.341197
224.812653 3.038121 -0.302714 0.335191
225.228973 3.041521 -0.298298 0.329210
225.645294 3.044867 -0.293852 0.323250
226.061615 3.048152 -0.289378 0.317311
226.477936 3.051379 -0.284879 0.311397
226.894257 3.054550 -0.280354 0.305505
227.310577 3.057661 -0.275804 0.299635
227.726898 3.060715 -0.271228 0.293786
228.143188 3.063712 -0.266627 0.287958
228.559540 3.066649 -0.262001 0.282150
228.975845 3.069530 -0.257353 0.276365
229.392166 3.072353 -0.252681 0.270599
229.808487 3.075119 -0.247986 0.264851
230.224792 3.077827 -0.243269 0.259125
230.641144 3.080477 -0.238532 0.253419
231.057449 3.083070 -0.233772 0.247730
231.473770 3.085606 -0.228992 0.242060
231.890091 3.088083 -0.224192 0.236409
232.306396 3.090507 -0.219371 0.230775
232.722748 3.092870 -0.214532 0.225160
233.139053 3.095178 -0.209673 0.219560
233.555374 3.097429 -0.204797 0.213979
233.971680 3.099621 -0.199903 0.208414
234.388000 3.101760 -0.194992 0.202865
234.804321 3.103839 -0.190063 0.197331
235.220642 3.105864 -0.185119 0.191813
235.636963 3.107829 -0.180157 0.186310
236.053284 3.109741 -0.175180 0.180820
236.469604 3.111596 -0.170190 0.175348
236.885925 3.113393 -0.165183 0.169885
237.302246 3.115135 -0.160164 0.164439
237.718567 3.116821 -0.155129 0.159005
238.134888 3.118451 -0.150082 0.153583
238.551208 3.120024 -0.145025 0.148175
238.967529 3.121542 -0.139953 0.142778
239.383850 3.123004 -0.134869 0.137392
239.800171 3.124409 -0.129773 0.132016
240.216492 3.125760 -0.124668 0.126653
240.632797 3.127056 -0.119551 0.121297
241.049118 3.128294 -0.114426 0.115954
241.465439 3.129478 -0.109289 0.110618
241.881744 3.130607 -0.104144 0.105292
242.298096 3.131680 -0.098991 0.099975
242.714401 3.132697 -0.093828 0.094665
243.130722 3.133660 -0.088658 0.089363
243.547043 3.134565 -0.083481 0.084069
243.963348 3.135418 -0.078298 0.078783
244.379700 3.136214 -0.073106 0.073500
244.796005 3.136955 -0.067911 0.068226
245.212326 3.137641 -0.062707 0.062955
245.628647 3.138274 -0.057500 0.057691
246.044952 3.138850 -0.052288 0.052432
246.461273 3.139371 -0.047071 0.047176
246.877594 3.139837 -0.041851 0.041925
247.293915 3.140249 -0.036628 0.036677
247.710236 3.140605 -0.031400 0.031431
248.126556 3.140908 -0.026172 0.026190
248.542877 3.141153 -0.020939 0.020948
248.959198 3.141345 -0.015707 0.015711
249.375519 3.141484 -0.010472 0.010473
249.791840 3.141565 -0.005236 0.005236
250.208160 -3.141593 -0.000000 0.000000
250.624481 3.141565 0.005236 -0.005236
251.040802 3.141484 0.010472 -0.010473
251.457123 3.141345 0.015707 -0.015711
251.873444 3.141153 0.020939 -0.020948
252.289749 3.140908 0.026170 -0.026188
252.706070 3.140605 0.031400 -0.031431
253.122391 3.140249 0.036628 -0.036677
253.538696 3.139837 0.041851 -0.041925
253.955048 3.139371 0.047071 -0.047176
254.371353 3.138850 0.052288 -0.052432
254.787674 3.138274 0.057500 -0.057691
255.203995 3.137641 0.062707 -0.062955
255.620300 3.136955 0.067911 -0.068226
256.036621 3.136214 0.073106 -0.073500
256.452942 3.135419 0.078296 -0.078781
256.869263 3.134565 0.083481 -0.084069
257.285583 3.133660 0.088658 -0.089363
257.701904 3.132697 0.093828 -0.094665
258.118225 3.131680 0.098991 -0.099975
258.534546 3.130607 0.104144 -0.105292
258.950867 3.129478 0.109289 -0.110618
259.367188 3.128294 0.114424 -0.115952
259.783508 3.127056 0.119551 -0.121297
260.199829 3.125760 0.124668 -0.126653
260.616150 3.124409 0.129773 -0.132016
261.032471 3.123004 0.134869 -0.137392
261.448792 3.121542 0.139953 -0.142778
261.865112 3.120024 0.145023 -0.148173
262.281433 3.118451 0.150082 -0.153583
262.697754 3.116821 0.155129 -0.159005
263.114075 3.115135 0.160164 -0.164439
263.530396 3.113393 0.165183 -0.169885
263.946716 3.111596 0.170188 -0.175345
264.363037 3.109741 0.175180 -0.180820
264.779358 3.107829 0.180157 -0.186310
265.195679 3.105864 0.185119 -0.191813
265.612000 3.103839 0.190063 -0.197331
266.028320 3.101760 0.194992 -0.202865
266.444641 3.099621 0.199903 -0.208414
266.860931 3.097429 0.204797 -0.213979
267.277252 3.095178 0.209673 -0.219560
267.693573 3.092870 0.214532 -0.225160
268.109894 3.090507 0.219371 -0.230775
268.526215 3.088084 0.224190 -0.236407
268.942535 3.085606 0.228992 -0.242060
269.358856 3.083070 0.233772 -0.247730
269.775177 3.080477 0.238530 -0.253416
270.191498 3.077827 0.243269 -0.259125
270.607819 3.075119 0.247986 -0.264851
271.024139 3.072354 0.252679 -0.270596
271.440460 3.069531 0.257351 -0.276362
271.856781 3.066649 0.262001 -0.282150
272.273102 3.063712 0.266627 -0.287958
272.689423 3.060716 0.271226 -0.293784
273.105743 3.057661 0.275804 -0.299635
273.522064 3.054550 0.280354 -0.305505
273.938385 3.051381 0.284879 -0.311397
274.354706 3.048152 0.289378 -0.317311
274.771027 3.044867 0.293850 -0.323248
275.187347 3.041522 0.298296 -0.329207
275.603668 3.038121 0.302714 -0.335191
276.019989 3.034660 0.307105 -0.341197
276.436310 3.031143 0.311466 -0.347226
276.852631 3.027566 0.315796 -0.353277
277.268951 3.023932 0.320098 -0.359354
277.685272 3.020238 0.324370 -0.365455
278.101593 3.016487 0.328611 -0.371580
278.517883 3.012679 0.332821 -0.377729
278.934204 3.008812 0.336998 -0.383902
279.350525 3.004886 0.341144 -0.390102
279.766846 3.000903 0.345258 -0.396327
280.183167 2.996861 0.349335 -0.402574
280.599487 2.992761 0.353381 -0.408849
281.015808 2.988603 0.357390 -0.415148
281.432129 2.984388 0.361368 -0.421475
281.848450 2.980115 0.365308 -0.427825
282.264771 2.975784 0.369211 -0.434200
282.681091 2.971393 0.373079 -0.440604
283.097412 2.966947 0.376909 -0.447033
283.513733 2.962444 0.380702 -0.453487
283.930054 2.957883 0.384457 -0.459967
284.346375 2.953263 0.388172 -0.466474
284.762695 2.948587 0.391849 -0.473008
285.179016 2.943855 0.395487 -0.479567
285.595337 2.939066 0.399082 -0.486150
286.011658 2.934218 0.402637 -0.492761
286.427979 2.929316 0.406153 -0.499401
286.844299 2.924357 0.409625 -0.506064
287.260620 2.919343 0.413054 -0.512750
287.676941 2.914271 0.416441 -0.519466
288.093262 2.909146 0.419785 -0.526208
288.509583 2.903964 0.423084 -0.532973
288.925903 2.898727 0.426339 -0.539765
289.342224 2.893437 0.429548 -0.546581
289.758545 2.888092 0.432713 -0.553422
290.174835 2.882689 0.435831 -0.560291
290.591156 2.877237 0.438903 -0.567183
291.007477 2.871730 0.441927 -0.574098
291.423798 2.866171 0.444903 -0.581037
291.840118 2.860559 0.447833 -0.588003
292.256439 2.854893 0.450713 -0.594991
292.672760 2.849176 0.453544 -0.602003
293.089081 2.843408 0.456325 -0.609038
293.505402 2.837589 0.459055 -0.616092
293.921722 2.831720 0.461736 -0.623172
294.338043 2.825799 0.464366 -0.630275
294.754364 2.819831 0.466943 -0.637396
295.170685 2.813813 0.469469 -0.644540
295.587006 2.807745 0.471943 -0.651706
296.003326 2.801631 0.474363 -0.658889
296.419647 2.795471 0.476731 -0.666095
296.835968 2.789263 0.479045 -0.673321
297.252289 2.783007 0.481303 -0.680561
297.668610 2.776706 0.483509 -0.687825
298.084930 2.770361 0.485658 -0.695102
298.501251 2.763973 0.487753 -0.702399
298.917572 2.757540 0.489791 -0.709712
299.333893 2.751063 0.491772 -0.717040
299.750214 2.744546 0.493697 -0.724384
300.166534 2.737988 0.495566 -0.731741
300.582855 2.731385 0.497376 -0.739113
300.999176 2.724747 0.499127 -0.746495
301.415497 2.718066 0.500822 -0.753893
301.831818 2.711350 0.502457 -0.761301
302.248108 2.704595 0.504036 -0.768725
302.664429 2.697804 0.505553 -0.776152
303.080750 2.690976 0.507012 -0.783594
303.497070 2.684112 0.508411 -0.791043
303.913391 2.677214 0.509749 -0.798498
304.329712 2.670284 0.511027 -0.805961
304.746033 2.663321 0.512245 -0.813430
305.162354 2.656328 0.513403 -0.820907
305.578674 2.649302 0.514499 -0.828387
305.994995 2.642246 0.515532 -0.835870
306.411316 2.635163 0.516505 -0.843355
306.827637 2.628053 0.517416 -0.850841
307.243958 2.620914 0.518266 -0.858332
307.660278 2.613750 0.519053 -0.865819
308.076599 2.606559 0.519776 -0.873305
308.492920 2.599344 0.520438 -0.880789
308.909241 2.592111 0.521039 -0.888272
309.325562 2.584853 0.521576 -0.895751
309.741882 2.577572 0.522049 -0.903222
310.158203 2.570272 0.522459 -0.910689
310.574524 2.562954 0.522807 -0.918151
310.990845 2.555617 0.523093 -0.925606
311.407166 2.548264 0.523313 -0.933047
311.823486 2.540894 0.523472 -0.940484
312.239807 2.533512 0.523567 -0.947904
312.656128 2.526111 0.523598 -0.955315
313.072449 2.518701 0.523567 -0.962716
313.488770 2.511280 0.523472 -0.970098
313.905060 2.503844 0.523313 -0.977468
314.321381 2.496403 0.523093 -0.984821
314.737701 2.488947 0.522807 -0.992157
315.154022 2.481490 0.522460 -0.999475
315.570343 2.474023 0.522049 -1.006774
315.986664 2.466547 0.521574 -1.014053
316.402985 2.459068 0.521037 -1.021311
316.819305 2.451586 0.520438 -1.028548
317.235626 2.444101 0.519776 -1.035762
317.651947 2.436615 0.519052 -1.042950
318.068268 2.429128 0.518266 -1.050118
318.484589 2.421637 0.517415 -1.057253
318.900909 2.414151 0.516505 -1.064366
319.317230 2.406666 0.515532 -1.071450
319.733551 2.399183 0.514499 -1.078507
320.149872 2.391703 0.513403 -1.085532
320.566162 2.384230 0.512246 -1.092524
320.982513 2.376758 0.511027 -1.099487
321.398865 2.369294 0.509749 -1.106417
321.815155 2.361839 0.508411 -1.113316
322.231476 2.354390 0.507011 -1.120176
322.647766 2.346952 0.505554 -1.127004
323.064117 2.339521 0.504036 -1.133799
323.480469 2.332101 0.502459 -1.140553
323.896759 2.324690 0.500822 -1.147269
324.313080 2.317296 0.499129 -1.153951
324.729370 2.309910 0.497375 -1.160589
325.145721 2.302537 0.495565 -1.167188
325.562073 2.295180 0.493697 -1.173751
325.978333 2.287837 0.491772 -1.180268
326.394653 2.280509 0.489790 -1.186743
326.810974 2.273196 0.487752 -1.193178
327.227295 2.265899 0.485658 -1.199565
327.643616 2.258621 0.483509 -1.205909
328.059937 2.251361 0.481304 -1.212210
328.476257 2.244117 0.479045 -1.218467
328.892578 2.236893 0.476731 -1.224675
329.308899 2.229689 0.474364 -1.230834
329.725220 2.222502 0.471943 -1.236948
330.141541 2.215336 0.469469 -1.243017
330.557861 2.208193 0.466944 -1.249035
330.974182 2.201071 0.464366 -1.255002
331.390503 2.193968 0.461736 -1.260923
331.806824 2.186891 0.459056 -1.266792
332.223145 2.179834 0.456325 -1.272610
332.639465 2.172799 0.453544 -1.278380
333.055786 2.165788 0.450713 -1.284098
333.472107 2.158799 0.447833 -1.289763
333.888428 2.151834 0.444903 -1.295375
334.304749 2.144895 0.441927 -1.300934
334.721069 2.137979 0.438903 -1.306440
335.137390 2.131087 0.435831 -1.311893
335.553711 2.124219 0.432713 -1.317296
335.970032 2.117377 0.429548 -1.322641
336.386353 2.110562 0.426339 -1.327931
336.802673 2.103770 0.423084 -1.333168
337.218994 2.097004 0.419785 -1.338350
337.635254 2.090262 0.416441 -1.343474
338.051605 2.083550 0.413055 -1.348547
338.467957 2.076861 0.409625 -1.353561
338.884247 2.070198 0.406153 -1.358521
339.300568 2.063560 0.402639 -1.363420
339.716858 2.056950 0.399083 -1.368270
340.133209 2.050364 0.395486 -1.373056
340.549561 2.043804 0.391849 -1.377791
340.965851 2.037270 0.388172 -1.382467
341.382172 2.030764 0.384456 -1.387087
341.798462 2.024283 0.380702 -1.391648
342.214813 2.017829 0.376909 -1.396150
342.631165 2.011400 0.373079 -1.400596
343.047455 2.005000 0.369212 -1.404988
343.463776 1.998622 0.365308 -1.409320
343.880066 1.992271 0.361368 -1.413593
344.296417 1.985944 0.357391 -1.417806
344.712769 1.979645 0.353381 -1.421964
345.129059 1.973370 0.349335 -1.426064
345.545380 1.967124 0.345257 -1.430108
345.961670 1.960898 0.341144 -1.434089
346.378021 1.954701 0.337000 -1.438015
346.794373 1.948525 0.332821 -1.441883
347.210663 1.942376 0.328611 -1.445691
347.626984 1.936251 0.324370 -1.449441
348.043274 1.930153 0.320100 -1.453136
348.459625 1.924073 0.315796 -1.456769
348.875977 1.918023 0.311466 -1.460347
349.292267 1.911994 0.307105 -1.463863
349.708557 1.905987 0.302714 -1.467325
350.124878 1.900006 0.298298 -1.470725
350.541199 1.894047 0.293852 -1.474071
350.957520 1.888109 0.289379 -1.477355
351.373840 1.882193 0.284879 -1.480581
351.790161 1.876302 0.280354 -1.483754
352.206482 1.870432 0.275803 -1.486865
352.622803 1.864583 0.271227 -1.489920
353.039124 1.858755 0.266626 -1.492916
353.455444 1.852946 0.262001 -1.495852
353.871765 1.847162 0.257353 -1.498735
354.288086 1.841395 0.252681 -1.501557
354.704407 1.835648 0.247986 -1.504323
355.120728 1.829922 0.243269 -1.507032
355.537048 1.824215 0.238532 -1.509681
355.953369 1.818526 0.233772 -1.512273
356.369690 1.812857 0.228992 -1.514810
356.786011 1.807205 0.224192 -1.517286
357.202332 1.801571 0.219371 -1.519711
357.618652 1.795956 0.214532 -1.522073
358.034973 1.790357 0.209673 -1.524382
358.451294 1.784775 0.204797 -1.526633
358.867615 1.779210 0.199903 -1.528824
359.283936 1.773662 0.194992 -1.530965
359.700256 1.768127 0.190063 -1.533042
360.116577 1.762610 0.185118 -1.535068
360.532898 1.757106 0.180157 -1.537032
360.949219 1.751617 0.175180 -1.538945
361.365509 1.746145 0.170190 -1.540800
361.781860 1.740681 0.165183 -1.542597
362.198151 1.735236 0.160164 -1.544340
362.614471 1.729801 0.155130 -1.546024
363.030762 1.724381 0.150084 -1.547655
363.447113 1.718972 0.145024 -1.549228
363.863464 1.713575 0.139953 -1.550746
364.279755 1.708188 0.134869 -1.552208
364.696075 1.702811 0.129773 -1.553612
365.112366 1.697448 0.124668 -1.554963
365.528717 1.692096 0.119552 -1.556260
365.945068 1.686750 0.114426 -1.557497
366.361359 1.681414 0.109289 -1.558680
366.777679 1.676088 0.104144 -1.559811
367.193970 1.670772 0.098991 -1.560884
367.610321 1.665461 0.093828 -1.561901
368.026672 1.660161 0.088658 -1.562865
368.442963 1.654865 0.083482 -1.563768
368.859283 1.649580 0.078298 -1.564623
369.275574 1.644296 0.073106 -1.565417
369.691925 1.639022 0.067911 -1.566159
370.108276 1.633751 0.062707 -1.566844
370.524567 1.628488 0.057500 -1.567478
370.940887 1.623228 0.052288 -1.568054
371.357178 1.617972 0.047071 -1.568575
371.773529 1.612720 0.041852 -1.569040
372.189880 1.607473 0.036628 -1.569452
372.606171 1.602227 0.031400 -1.569808
373.022461 1.596987 0.026172 -1.570112
373.438782 1.591744 0.020939 -1.570356
373.855103 1.586506 0.015707 -1.570548
374.271423 1.581270 0.010472 -1.570688
374.687744 1.576032 0.005236 -1.570768
375.104065 1.570796 -0.000000 -1.570796
375.520386 1.565560 -0.005236 -1.570768
375.936707 1.560325 -0.010472 -1.570688
376.353027 1.555085 -0.015707 -1.570548
376.769348 1.549848 -0.020939 -1.570356
377.185669 1.544609 -0.026170 -1.570112
377.601990 1.539365 -0.031400 -1.569808
378.018311 1.534119 -0.036628 -1.569452
378.434631 1.528871 -0.041851 -1.569040
378.850952 1.523621 -0.047071 -1.568575
379.267273 1.518365 -0.052288 -1.568054
379.683594 1.513105 -0.057500 -1.567478
380.099915 1.507840 -0.062707 -1.566844
380.516235 1.502570 -0.067911 -1.566159
380.932556 1.497296 -0.073106 -1.565417
381.348877 1.492016 -0.078296 -1.564623
381.765198 1.486726 -0.083482 -1.563768
382.181519 1.481434 -0.088658 -1.562865
382.597839 1.476131 -0.093828 -1.561901
383.014160 1.470822 -0.098991 -1.560884
383.430481 1.465505 -0.104144 -1.559811
383.846802 1.460177 -0.109289 -1.558680
384.263123 1.454843 -0.114424 -1.557497
384.679443 1.449500 -0.119550 -1.556261
385.095764 1.444143 -0.124668 -1.554963
385.512054 1.438779 -0.129773 -1.553612
385.928375 1.433405 -0.134869 -1.552208
386.344666 1.428021 -0.139951 -1.550747
386.761017 1.422623 -0.145023 -1.549227
387.177368 1.417214 -0.150082 -1.547655
387.593658 1.411791 -0.155130 -1.546024
388.009979 1.406357 -0.160164 -1.544339
388.426270 1.400911 -0.165183 -1.542597
388.842621 1.395451 -0.170188 -1.540800
389.258972 1.389977 -0.175180 -1.538946
389.675262 1.384485 -0.180157 -1.537032
390.091583 1.378984 -0.185118 -1.535068
390.507874 1.373465 -0.190063 -1.533042
390.924225 1.367933 -0.194992 -1.530964
391.340576 1.362382 -0.199903 -1.528824
391.756866 1.356818 -0.204797 -1.526633
392.173187 1.351237 -0.209673 -1.524382
392.589478 1.345638 -0.214530 -1.522072
393.005829 1.340023 -0.219371 -1.519711
393.422180 1.334388 -0.224190 -1.517286
393.838470 1.328736 -0.228992 -1.514810
394.254791 1.323067 -0.233772 -1.512273
394.671082 1.317380 -0.238530 -1.509681
395.087433 1.311673 -0.243269 -1.507032
395.503784 1.305945 -0.247986 -1.504323
395.920074 1.300200 -0.252679 -1.501557
396.336395 1.294434 -0.257351 -1.498735
396.752686 1.288645 -0.262001 -1.495852
397.169006 1.282841 -0.266625 -1.492917
397.585327 1.277013 -0.271226 -1.489919
398.001648 1.271162 -0.275803 -1.486865
398.417969 1.265292 -0.280354 -1.483754
398.834290 1.259400 -0.284879 -1.480585
399.250610 1.253484 -0.289378 -1.477355
399.666931 1.247549 -0.293850 -1.474071
400.083252 1.241588 -0.298296 -1.470725
400.499573 1.235606 -0.302714 -1.467325
400.915894 1.229599 -0.307105 -1.463863
401.332214 1.223571 -0.311466 -1.460348
401.748535 1.217518 -0.315796 -1.456769
402.164856 1.211443 -0.320098 -1.453136
402.581177 1.205340 -0.324370 -1.449441
402.997498 1.199216 -0.328611 -1.445691
403.413818 1.193067 -0.332821 -1.441883
403.830139 1.186894 -0.336998 -1.438015
404.246460 1.180694 -0.341144 -1.434089
404.662781 1.174473 -0.345255 -1.430108
405.079102 1.168222 -0.349335 -1.426064
405.495422 1.161947 -0.353381 -1.421964
405.911743 1.155648 -0.357391 -1.417806
406.328064 1.149323 -0.361368 -1.413593
406.744385 1.142972 -0.365308 -1.409320
407.160706 1.136596 -0.369211 -1.404988
407.577026 1.130191 -0.373079 -1.400596
407.993347 1.123763 -0.376909 -1.396150
408.409668 1.117310 -0.380702 -1.391648
408.825958 1.110830 -0.384456 -1.387087
409.242279 1.104322 -0.388172 -1.382467
409.658569 1.097789 -0.391849 -1.377791
410.074921 1.091231 -0.395487 -1.373060
410.491272 1.084647 -0.399082 -1.368270
410.907562 1.078034 -0.402637 -1.363420
411.323883 1.071398 -0.406151 -1.358520
411.740173 1.064735 -0.409624 -1.353561
412.156525 1.058046 -0.413054 -1.348547
412.572876 1.051329 -0.416441 -1.343474
412.989166 1.044590 -0.419785 -1.338351
413.405487 1.037824 -0.423084 -1.333168
413.821777 1.031032 -0.426339 -1.327932
414.238129 1.024216 -0.429548 -1.322641
414.654480 1.017375 -0.432713 -1.317296
415.070770 1.010505 -0.435831 -1.311893
415.487091 1.003614 -0.438903 -1.306440
415.903381 0.996698 -0.441927 -1.300934
416.319733 0.989759 -0.444903 -1.295375
416.736084 0.982794 -0.447832 -1.289763
417.152374 0.975806 -0.450713 -1.284098
417.568695 0.968794 -0.453544 -1.278380
417.984985 0.961761 -0.456325 -1.272614
418.401337 0.954703 -0.459055 -1.266792
418.817688 0.947624 -0.461736 -1.260923
419.233978 0.940521 -0.464366 -1.255002
419.650299 0.933400 -0.466944 -1.249035
420.066589 0.926256 -0.469469 -1.243017
420.482910 0.919090 -0.471943 -1.236949
420.899231 0.911906 -0.474363 -1.230835
421.315552 0.904702 -0.476731 -1.224675
421.731873 0.897477 -0.479045 -1.218467
422.148193 0.890234 -0.481303 -1.212210
422.564514 0.882971 -0.483509 -1.205909
422.980835 0.875694 -0.485658 -1.199565
423.397156 0.868398 -0.487752 -1.193177
423.813477 0.861085 -0.489790 -1.186743
424.229797 0.853759 -0.491771 -1.180267
424.646118 0.846414 -0.493697 -1.173750
425.062439 0.839057 -0.495565 -1.167192
425.478760 0.831685 -0.497374 -1.160589
425.895081 0.824301 -0.499127 -1.153951
426.311401 0.816902 -0.500822 -1.147269
426.727722 0.809494 -0.502457 -1.140553
427.144043 0.802073 -0.504036 -1.133799
427.560364 0.794645 -0.505553 -1.127008
427.976685 0.787204 -0.507012 -1.120180
428.393005 0.779755 -0.508411 -1.113316
428.809326 0.772298 -0.509749 -1.106417
429.225647 0.764835 -0.511027 -1.099487
429.641968 0.757365 -0.512245 -1.092524
430.058289 0.749891 -0.513403 -1.085532
430.474609 0.742411 -0.514499 -1.078507
430.890930 0.734927 -0.515532 -1.071450
431.307251 0.727442 -0.516505 -1.064366
431.723572 0.719956 -0.517416 -1.057257
432.139893 0.712466 -0.518266 -1.050118
432.556183 0.704979 -0.519053 -1.042954
432.972473 0.697491 -0.519776 -1.035762
433.388824 0.690005 -0.520438 -1.028548
433.805176 0.682525 -0.521039 -1.021315
434.221466 0.675046 -0.521576 -1.014057
434.637787 0.667574 -0.522049 -1.006778
435.054077 0.660105 -0.522459 -0.999475
435.470428 0.652644 -0.522807 -0.992157
435.886780 0.645192 -0.523092 -0.984821
436.303070 0.637748 -0.523313 -0.977468
436.719391 0.630313 -0.523472 -0.970098
437.135681 0.622892 -0.523567 -0.962716
437.552032 0.615480 -0.523598 -0.955315
437.968384 0.608080 -0.523567 -0.947904
438.384674 0.600699 -0.523472 -0.940484
438.800995 0.593330 -0.523314 -0.933051
439.217285 0.585976 -0.523093 -0.925606
439.633636 0.578638 -0.522807 -0.918151
440.049988 0.571322 -0.522460 -0.910693
440.466278 0.564023 -0.522049 -0.903226
440.882599 0.556742 -0.521575 -0.895751
441.298889 0.549484 -0.521037 -0.888272
441.715240 0.542247 -0.520438 -0.880790
442.131592 0.535033 -0.519776 -0.873305
442.547882 0.527845 -0.519052 -0.865819
442.964203 0.520680 -0.518266 -0.858332
443.380493 0.513542 -0.517415 -0.850841
443.796844 0.506430 -0.516505 -0.843354
444.213135 0.499347 -0.515533 -0.835869
444.629456 0.492293 -0.514498 -0.828386
445.045776 0.485266 -0.513403 -0.820907
445.462097 0.478273 -0.512246 -0.813434
445.878418 0.471308 -0.511027 -0.805961
446.294739 0.464378 -0.509748 -0.798497
446.711060 0.457481 -0.508411 -0.791043
447.127380 0.450619 -0.507011 -0.783594
447.543701 0.443792 -0.505553 -0.776156
447.960022 0.436999 -0.504036 -0.768725
448.376343 0.430244 -0.502459 -0.761305
448.792664 0.423526 -0.500822 -0.753894
449.208984 0.416847 -0.499129 -0.746499
449.625305 0.410208 -0.497375 -0.739113
450.041626 0.403608 -0.495565 -0.731741
450.457947 0.397047 -0.493697 -0.724384
450.874268 0.390530 -0.491772 -0.717040
451.290588 0.384054 -0.489791 -0.709712
451.706909 0.377620 -0.487752 -0.702399
452.123230 0.371231 -0.485658 -0.695102
452.539551 0.364887 -0.483509 -0.687825
452.955872 0.358587 -0.481304 -0.680564
453.372192 0.352331 -0.479045 -0.673321
453.788513 0.346123 -0.476733 -0.666098
454.204834 0.339962 -0.474365 -0.658893
454.621155 0.333847 -0.471943 -0.651706
455.037476 0.327781 -0.469471 -0.644543
455.453796 0.321761 -0.466943 -0.637396
455.870117 0.315793 -0.464366 -0.630275
456.286377 0.309873 -0.461736 -0.623172
456.702728 0.304005 -0.459057 -0.616095
457.119080 0.298186 -0.456325 -0.609037
457.535370 0.292417 -0.453544 -0.602003
457.951691 0.286700 -0.450713 -0.594991
458.367981 0.281034 -0.447833 -0.588003
458.784332 0.275421 -0.444903 -0.581037
459.200684 0.269862 -0.441927 -0.574098
459.616974 0.264356 -0.438903 -0.567183
460.033295 0.258903 -0.435831 -0.560291
460.449585 0.253504 -0.432714 -0.553425
460.865936 0.248157 -0.429550 -0.546584
461.282288 0.242865 -0.426339 -0.539765
461.698578 0.237629 -0.423084 -0.532973
462.114899 0.232447 -0.419786 -0.526208
462.531189 0.227322 -0.416441 -0.519466
462.947540 0.222251 -0.413056 -0.512753
463.363892 0.217236 -0.409625 -0.506064
463.780182 0.212277 -0.406153 -0.499401
464.196503 0.207375 -0.402639 -0.492764
464.612793 0.202528 -0.399084 -0.486153
465.029144 0.197740 -0.395486 -0.479567
465.445496 0.193006 -0.391849 -0.473008
465.861786 0.188330 -0.388174 -0.466476
466.278107 0.183710 -0.384457 -0.459967
466.694397 0.179149 -0.380702 -0.453487
467.110748 0.174646 -0.376909 -0.447033
467.527100 0.170199 -0.373079 -0.440604
467.943359 0.165809 -0.369212 -0.434203
468.359680 0.161478 -0.365308 -0.427825
468.776001 0.157205 -0.361368 -0.421475
469.192322 0.152990 -0.357392 -0.415150
469.608643 0.148832 -0.353381 -0.408849
470.024963 0.144732 -0.349335 -0.402574
470.441284 0.140690 -0.345258 -0.396327
470.857605 0.136707 -0.341144 -0.390102
471.273926 0.132782 -0.337000 -0.383905
471.690247 0.128914 -0.332821 -0.377729
472.106567 0.125105 -0.328611 -0.371580
472.522888 0.121355 -0.324370 -0.365455
472.939209 0.117661 -0.320100 -0.359356
473.355530 0.114027 -0.315796 -0.353277
473.771851 0.110450 -0.311466 -0.347226
474.188171 0.106933 -0.307105 -0.341197
474.604492 0.103472 -0.302714 -0.335190
475.020813 0.100071 -0.298298 -0.329210
475.437134 0.096726 -0.293852 -0.323250
475.853455 0.093442 -0.289380 -0.317313
476.269775 0.090214 -0.284879 -0.311397
476.686096 0.087043 -0.280354 -0.305505
477.102417 0.083931 -0.275804 -0.299635
477.518738 0.080878 -0.271228 -0.293786
477.935059 0.077881 -0.266627 -0.287958
478.351379 0.074944 -0.262001 -0.282150
478.767700 0.072062 -0.257353 -0.276365
479.184021 0.069240 -0.252681 -0.270599
479.600342 0.066474 -0.247986 -0.264851
480.016632 0.063765 -0.243269 -0.259125
480.432983 0.061116 -0.238532 -0.253419
480.849274 0.058523 -0.233772 -0.247730
481.265594 0.055987 -0.228992 -0.242060
481.681885 0.053509 -0.224192 -0.236409
482.098236 0.051086 -0.219371 -0.230775
482.514587 0.048723 -0.214532 -0.225160
482.930878 0.046414 -0.209673 -0.219560
483.347198 0.044164 -0.204797 -0.213979
483.763489 0.041972 -0.199903 -0.208414
484.179840 0.039833 -0.194992 -0.202865
484.596191 0.037754 -0.190063 -0.197331
485.012482 0.035729 -0.185119 -0.191813
485.428802 0.033764 -0.180157 -0.186310
485.845093 0.031852 -0.175182 -0.180822
486.261444 0.029997 -0.170190 -0.175348
486.677795 0.028200 -0.165185 -0.169887
487.094086 0.026457 -0.160164 -0.164439
487.510406 0.024772 -0.155129 -0.159005
487.926697 0.023142 -0.150084 -0.153585
488.343048 0.021569 -0.145025 -0.148175
488.759399 0.020050 -0.139953 -0.142778
489.175690 0.018588 -0.134869 -0.137392
489.592010 0.017183 -0.129773 -0.132016
490.008301 0.015833 -0.124668 -0.126653
490.424652 0.014537 -0.119553 -0.121299
490.841003 0.013299 -0.114426 -0.115954
491.257294 0.012115 -0.109289 -0.110618
491.673584 0.010986 -0.104144 -0.105292
492.089905 0.009913 -0.098991 -0.099975
492.506226 0.008896 -0.093828 -0.094665
492.922546 0.007932 -0.088658 -0.089363
493.338867 0.007027 -0.083481 -0.084069
493.755188 0.006174 -0.078298 -0.078783
494.171509 0.005379 -0.073106 -0.073500
494.587830 0.004637 -0.067911 -0.068226
495.004150 0.003951 -0.062707 -0.062955
495.420471 0.003319 -0.057500 -0.057691
495.836792 0.002742 -0.052288 -0.052432
496.253113 0.002221 -0.047071 -0.047176
496.669434 0.001756 -0.041851 -0.041925
497.085754 0.001344 -0.036628 -0.036677
497.502075 0.000988 -0.031402 -0.031433
497.918396 0.000685 -0.026172 -0.026190
498.334717 0.000439 -0.020939 -0.020948
498.751038 0.000247 -0.015707 -0.015711
499.167358 0.000109 -0.010472 -0.010473
499.583679 0.000028 -0.005236 -0.005236
500.000000 0.000000 -0.000000 0.000000
GroupComments: 0
MaterialComments: 0
BoneComments: 0
ModelComment: 0
