// MilkShape 3D ASCII

Frames: 361
Frame: 1

Meshes: 1
"Duplicate03" 0 0
80
0 0.395000 1.589999 -2.521700 1.000000 1.000000 1
0 0.395000 1.589999 -2.478300 1.000000 1.000000 1
0 -0.395000 1.589999 -2.478300 0.000000 1.000000 1
0 0.315000 1.669999 -2.488300 0.898734 0.920000 1
0 0.315000 2.509999 -2.488300 0.898734 0.080000 1
0 -0.315000 1.669999 -2.488300 0.101266 0.920000 1
0 0.395000 2.589999 -2.521700 1.000000 0.000000 1
0 -0.315000 2.509999 -2.488300 0.101266 0.080000 1
0 -0.395000 2.589999 -2.478300 0.000000 0.000000 1
0 -0.395000 2.589999 -2.521700 0.000000 0.000000 1
0 0.395000 2.589999 -2.478300 1.000000 0.000000 1
0 0.325000 1.659999 -2.478300 0.911392 0.930000 1
0 -0.325000 1.659999 -2.478300 0.088608 0.930000 1
0 -0.325000 2.519999 -2.478300 0.088608 0.070000 1
0 0.325000 2.519999 -2.478300 0.911392 0.070000 1
0 -0.395000 1.589999 -2.521700 0.000000 1.000000 1
0 -2.604700 0.100000 0.395300 1.000000 0.976275 2
0 -3.395300 0.100000 0.395300 0.000000 0.976275 2
0 -2.604700 0.000000 0.395300 1.000000 1.000000 2
0 -3.395300 0.000000 -0.395300 0.000000 0.000000 2
0 -2.604700 0.000000 -0.395300 1.000000 0.000000 2
0 -3.295000 4.215000 -0.295000 0.126865 0.126866 2
0 -3.295000 4.215000 0.295000 0.126865 0.873134 2
0 -2.705000 4.215000 0.295000 0.873134 0.873134 2
0 -3.395300 0.000000 0.395300 0.000000 1.000000 2
0 -3.395300 0.100000 -0.395300 1.000000 0.976275 2
0 -3.395300 0.000000 -0.395300 1.000000 1.000000 2
0 -2.604700 0.100000 -0.395300 1.000000 0.976275 2
0 -2.604700 0.000000 -0.395300 1.000000 1.000000 2
0 -3.395300 0.000000 -0.395300 0.000000 1.000000 2
0 -2.604700 0.100000 0.395300 0.000000 0.976275 2
0 -2.604700 0.000000 0.395300 0.000000 1.000000 2
0 -3.252992 0.200000 0.252992 0.180000 0.820000 2
0 -3.395300 0.100000 0.395300 0.000000 1.000000 2
0 -2.604700 0.100000 0.395300 1.000000 1.000000 2
0 -3.252992 0.200000 -0.252992 0.180000 0.180000 2
0 -3.395300 0.100000 -0.395300 0.000000 0.000000 2
0 -2.747008 0.200000 -0.252992 0.820000 0.180000 2
0 -2.604700 0.100000 -0.395300 1.000000 0.000000 2
0 -2.747008 0.200000 0.252992 0.820000 0.820000 2
0 -2.705000 3.900000 0.295000 0.873134 0.074733 2
0 -2.705000 4.215000 0.295000 0.873134 0.000000 2
0 -3.295000 4.215000 0.295000 0.126865 0.000000 2
0 -3.295000 3.900000 0.295000 0.126866 0.074733 2
0 -3.295000 4.215000 0.295000 0.126866 0.000000 2
0 -3.295000 4.215000 -0.295000 0.873134 0.000000 2
0 -3.295000 3.900000 -0.295000 0.126865 0.074733 2
0 -3.295000 4.215000 -0.295000 0.126865 0.000000 2
0 -2.705000 4.215000 -0.295000 0.873134 0.000000 2
0 -2.705000 3.900000 -0.295000 0.873134 0.074733 2
0 -2.705000 4.215000 0.295000 0.126866 0.000000 2
0 -2.811200 3.750000 0.188800 0.738806 0.110320 2
0 -3.295000 3.900000 0.295000 0.126865 0.074733 2
0 -3.188800 3.750000 0.188800 0.261194 0.110320 2
0 -3.295000 3.900000 -0.295000 0.873134 0.074733 2
0 -3.188800 3.750000 -0.188800 0.261194 0.110320 2
0 -2.811200 3.750000 -0.188800 0.738806 0.110320 2
0 -2.705000 3.900000 0.295000 0.126866 0.074733 2
0 -2.811200 1.500000 0.188800 0.738806 0.644128 2
0 -3.188800 1.500000 0.188800 0.261194 0.644128 2
0 -3.188800 3.750000 -0.188800 0.738806 0.110320 2
0 -3.188800 1.500000 -0.188800 0.261194 0.644128 2
0 -2.811200 1.500000 -0.188800 0.738806 0.644128 2
0 -2.811200 3.750000 0.188800 0.261194 0.110320 2
0 -2.747008 1.400000 0.252992 0.820000 0.667853 2
0 -3.252992 1.400000 0.252992 0.180000 0.667853 2
0 -3.252992 0.200000 0.252992 0.180000 0.952550 2
0 -2.747008 0.200000 0.252992 0.820000 0.952550 2
0 -3.188800 1.500000 -0.188800 0.738806 0.644128 2
0 -3.252992 1.400000 -0.252992 0.820000 0.667853 2
0 -3.252992 0.200000 -0.252992 0.820000 0.952550 2
0 -2.705000 4.215000 -0.295000 0.873134 0.126866 2
0 -2.747008 1.400000 0.252992 0.180000 0.667853 2
0 -2.747008 0.200000 0.252992 0.180000 0.952550 2
0 -2.747008 0.200000 -0.252992 0.820000 0.952550 2
0 -3.395300 0.100000 -0.395300 0.000000 0.976275 2
0 -2.811200 1.500000 0.188800 0.261194 0.644128 2
0 -2.747008 1.400000 -0.252992 0.820000 0.667853 2
0 -3.252992 1.400000 -0.252992 0.180000 0.667853 2
0 -3.252992 0.200000 -0.252992 0.180000 0.952550 2
58
0.408248 -0.816497 -0.408248
0.436436 -0.218218 0.872872
-0.485071 -0.485071 0.727607
-0.270598 0.270598 0.923880
-0.270598 -0.270598 0.923880
0.160189 0.320377 0.933648
0.577350 0.577350 -0.577350
0.404182 -0.202091 0.892074
-0.267261 0.534522 0.801784
-0.816497 0.408248 -0.408248
0.408248 0.408248 0.816497
-0.270598 0.270598 0.923880
0.263854 0.131927 0.955498
0.131927 -0.263854 0.955498
-0.128430 -0.128430 0.983368
-0.408248 -0.408248 -0.816497
0.000000 0.000000 1.000000
-0.447214 0.000000 0.894427
0.000000 -0.707107 0.707107
0.000000 -1.000000 0.000000
0.000000 1.000000 0.000000
-0.816497 -0.408248 0.408248
-1.000000 0.000000 0.000000
0.447214 0.000000 -0.894427
0.894427 0.000000 -0.447214
0.000000 0.000000 -1.000000
1.000000 0.000000 0.000000
-0.207496 0.885849 0.414991
-0.414991 0.885849 0.207496
0.314649 0.895540 0.314649
-0.314649 0.895540 -0.314649
0.414991 0.885849 -0.207496
0.207496 0.885849 -0.414991
0.314649 0.895540 0.314649
0.000000 -0.200999 0.979591
-0.979591 -0.200999 0.000000
0.000000 -0.200999 -0.979591
0.666281 -0.410135 -0.622784
0.000000 -0.401997 0.915641
-0.622784 -0.410135 0.666281
-0.915641 -0.401997 0.000000
0.000000 -0.401997 -0.915641
0.622784 -0.410135 -0.666281
0.915641 -0.401997 0.000000
0.000000 0.186763 0.982405
-0.671633 0.383049 0.634179
0.000000 0.186763 -0.982405
0.671633 0.383049 -0.634179
0.979591 -0.200999 0.000000
0.000000 0.373526 0.927620
-0.634179 0.383048 0.671633
-0.894427 0.000000 0.447214
-0.927620 0.373526 0.000000
-0.982405 0.186763 0.000000
0.982405 0.186763 0.000000
0.927620 0.373526 0.000000
0.634179 0.383048 -0.671633
0.000000 0.373526 -0.927620
88
0 0 1 2 0 1 2 0
0 3 4 5 3 4 5 0
0 0 6 1 0 6 1 0
0 4 7 5 4 7 5 0
0 8 9 2 8 9 2 0
0 10 6 8 10 6 8 0
0 11 12 1 11 12 1 0
0 12 13 2 12 13 2 0
0 10 8 14 10 8 14 0
0 10 14 1 10 14 1 0
0 3 5 11 3 5 11 0
0 5 7 12 5 7 12 0
0 14 13 4 14 13 4 0
0 14 4 11 14 4 11 0
0 15 0 2 15 0 2 0
0 13 8 2 13 8 2 0
0 6 10 1 6 10 1 0
0 8 13 14 8 13 14 0
0 9 15 2 9 15 2 0
0 6 9 8 6 9 8 0
0 12 2 1 12 2 1 0
0 13 7 4 13 7 4 0
0 14 11 1 14 11 1 0
0 5 12 11 5 12 11 0
0 7 13 12 7 13 12 0
0 4 3 11 4 3 11 0
0 6 0 15 6 0 15 0
0 9 6 15 9 6 15 0
0 16 17 18 16 17 18 0
0 19 20 18 19 19 18 0
0 21 22 23 20 20 20 0
0 17 24 18 17 21 18 0
0 25 26 24 22 22 21 0
0 27 28 29 23 24 25 0
0 30 31 28 26 26 24 0
0 32 33 34 27 28 29 0
0 35 36 33 30 30 28 0
0 35 37 38 30 31 32 0
0 37 39 34 31 33 29 0
0 40 41 42 34 16 16 0
0 43 44 45 35 22 22 0
0 46 47 48 36 25 23 0
0 49 48 50 37 23 26 0
0 51 40 52 38 34 38 0
0 53 43 54 39 35 40 0
0 55 46 49 41 36 37 0
0 56 49 57 42 37 43 0
0 58 51 53 44 38 39 0
0 59 53 60 45 39 35 0
0 61 55 56 46 41 42 0
0 62 56 63 47 42 48 0
0 64 58 59 49 44 45 0
0 65 66 67 50 51 16 0
0 65 59 68 50 45 52 0
0 69 70 66 53 22 51 0
0 24 19 18 21 19 18 0
0 71 21 23 20 20 20 0
0 72 73 74 54 26 24 0
0 17 25 24 17 22 21 0
0 75 27 29 25 23 25 0
0 27 30 28 23 26 24 0
0 39 32 34 33 27 29 0
0 32 35 33 27 30 28 0
0 36 35 38 30 30 32 0
0 38 37 34 32 31 29 0
0 52 40 42 38 34 16 0
0 54 43 45 40 35 22 0
0 49 46 48 37 36 23 0
0 57 49 50 43 37 26 0
0 53 51 52 39 38 38 0
0 60 53 54 35 39 40 0
0 56 55 49 42 41 37 0
0 63 56 57 48 42 43 0
0 59 58 53 45 44 39 0
0 68 59 60 52 45 35 0
0 62 61 56 47 46 42 0
0 76 62 63 55 47 48 0
0 65 64 59 50 49 45 0
0 64 65 67 49 50 16 0
0 69 65 68 53 50 52 0
0 65 69 66 50 53 51 0
0 77 78 62 56 57 47 0
0 78 77 79 57 56 25 0
0 72 77 76 54 56 55 0
0 77 72 74 56 54 24 0
0 78 61 62 57 46 47 0
0 77 74 79 56 24 25 0
0 77 62 76 56 47 55 0

Materials: 1
"Material01"
0.200000 0.200000 0.200000 1.000000
0.800000 0.800000 0.800000 1.000000
0.000000 0.000000 0.000000 1.000000
0.000000 0.000000 0.000000 1.000000
0.000000
1.000000
"vanessa.png"
""

Bones: 3
"Frame_SCENE_ROOT"
""
8 0.000000 0.000000 0.000000 0.000000 -0.000000 0.000000
2
1.000000 0.000000 0.000000 0.000000
361.000000 0.000000 0.000000 0.000000
2
1.000000 0.000000 -0.000000 0.000000
361.000000 0.000000 -0.000000 0.000000
"Frame1_vanessa_Layer1"
"Frame_SCENE_ROOT"
8 0.000000 0 0 0.000000 -0.000000 0.000000
361
1.000000 0.000000 0.000000 -0.000000
2.000000 -0.000095 -0.000005 -0.000000
3.000000 -0.000192 -0.000009 -0.000000
4.000000 -0.000291 -0.000013 -0.000000
5.000000 -0.000392 -0.000016 -0.000000
6.000000 -0.000495 -0.000018 -0.000000
7.000000 -0.000598 -0.000021 -0.000000
8.000000 -0.000705 -0.000022 -0.000000
9.000000 -0.000812 -0.000022 -0.000000
10.000000 -0.000921 -0.000023 -0.000000
11.000000 -0.001031 -0.000022 -0.000000
12.000000 -0.001143 -0.000022 -0.000000
13.000000 -0.001256 -0.000021 -0.000000
14.000000 -0.001370 -0.000019 -0.000000
15.000000 -0.001486 -0.000017 -0.000000
16.000000 -0.001602 -0.000015 -0.000000
17.000000 -0.001720 -0.000013 -0.000000
18.000000 -0.001839 -0.000010 -0.000000
19.000000 -0.001958 -0.000006 -0.000000
20.000000 -0.002078 -0.000003 -0.000000
21.000000 -0.002199 0.000001 -0.000000
22.000000 -0.002321 0.000005 -0.000000
23.000000 -0.002444 0.000008 -0.000000
24.000000 -0.002567 0.000013 -0.000000
25.000000 -0.002691 0.000018 -0.000000
26.000000 -0.002815 0.000022 -0.000000
27.000000 -0.002939 0.000028 -0.000000
28.000000 -0.003064 0.000032 -0.000000
29.000000 -0.003189 0.000037 -0.000000
30.000000 -0.003314 0.000042 -0.000000
31.000000 -0.003439 0.000048 -0.000000
32.000000 -0.003565 0.000053 -0.000000
33.000000 -0.003690 0.000058 -0.000000
34.000000 -0.003816 0.000063 -0.000000
35.000000 -0.003941 0.000068 -0.000000
36.000000 -0.004066 0.000073 -0.000000
37.000000 -0.004190 0.000078 -0.000000
38.000000 -0.004315 0.000083 -0.000000
39.000000 -0.004439 0.000087 -0.000000
40.000000 -0.004563 0.000092 -0.000000
41.000000 -0.004686 0.000097 -0.000000
42.000000 -0.004809 0.000101 -0.000000
43.000000 -0.004930 0.000105 -0.000000
44.000000 -0.005051 0.000108 -0.000000
45.000000 -0.005172 0.000112 -0.000000
46.000000 -0.005291 0.000115 -0.000000
47.000000 -0.005410 0.000118 -0.000000
48.000000 -0.005528 0.000121 -0.000000
49.000000 -0.005644 0.000123 -0.000000
50.000000 -0.005759 0.000124 -0.000000
51.000000 -0.005874 0.000126 -0.000000
52.000000 -0.005986 0.000127 -0.000000
53.000000 -0.006098 0.000128 -0.000000
54.000000 -0.006208 0.000128 -0.000000
55.000000 -0.006318 0.000128 -0.000000
56.000000 -0.006425 0.000127 -0.000000
57.000000 -0.006531 0.000125 -0.000000
58.000000 -0.006635 0.000123 -0.000000
59.000000 -0.006738 0.000121 -0.000000
60.000000 -0.006839 0.000118 -0.000000
61.000000 -0.006938 0.000115 -0.000000
62.000000 -0.007035 0.000110 -0.000000
63.000000 -0.007130 0.000105 -0.000000
64.000000 -0.007222 0.000100 -0.000000
65.000000 -0.007313 0.000093 -0.000000
66.000000 -0.007403 0.000086 -0.000000
67.000000 -0.007489 0.000079 -0.000000
68.000000 -0.007574 0.000070 -0.000000
69.000000 -0.007655 0.000061 -0.000000
70.000000 -0.007735 0.000051 -0.000000
71.000000 -0.007812 0.000040 -0.000000
72.000000 -0.007886 0.000028 -0.000000
73.000000 -0.007959 0.000016 -0.000000
74.000000 -0.008028 0.000002 -0.000000
75.000000 -0.008094 -0.000012 -0.000000
76.000000 -0.008158 -0.000028 -0.000000
77.000000 -0.008219 -0.000044 -0.000000
78.000000 -0.008276 -0.000061 -0.000000
79.000000 -0.008332 -0.000079 -0.000000
80.000000 -0.008384 -0.000098 -0.000000
81.000000 -0.008432 -0.000119 -0.000000
82.000000 -0.008478 -0.000140 -0.000000
83.000000 -0.008519 -0.000162 -0.000000
84.000000 -0.008559 -0.000187 -0.000000
85.000000 -0.008594 -0.000210 -0.000000
86.000000 -0.008627 -0.000237 -0.000000
87.000000 -0.008655 -0.000264 -0.000000
88.000000 -0.008679 -0.000292 -0.000000
89.000000 -0.008701 -0.000321 -0.000000
90.000000 -0.008719 -0.000352 -0.000000
91.000000 -0.008733 -0.000383 -0.000000
92.000000 -0.008742 -0.000417 -0.000000
93.000000 -0.008748 -0.000452 -0.000000
94.000000 -0.008750 -0.000487 -0.000000
95.000000 -0.008747 -0.000525 -0.000000
96.000000 -0.008739 -0.000564 -0.000000
97.000000 -0.008726 -0.000606 -0.000000
98.000000 -0.008707 -0.000649 -0.000000
99.000000 -0.008682 -0.000695 -0.000000
100.000000 -0.008654 -0.000742 -0.000000
101.000000 -0.008620 -0.000791 -0.000000
102.000000 -0.008582 -0.000842 -0.000000
103.000000 -0.008538 -0.000895 -0.000000
104.000000 -0.008490 -0.000949 -0.000000
105.000000 -0.008438 -0.001005 -0.000000
106.000000 -0.008382 -0.001062 -0.000000
107.000000 -0.008320 -0.001121 -0.000000
108.000000 -0.008256 -0.001182 -0.000000
109.000000 -0.008186 -0.001243 -0.000000
110.000000 -0.008114 -0.001307 -0.000000
111.000000 -0.008037 -0.001372 -0.000000
112.000000 -0.007957 -0.001438 -0.000000
113.000000 -0.007874 -0.001505 -0.000000
114.000000 -0.007786 -0.001573 -0.000000
115.000000 -0.007696 -0.001643 -0.000000
116.000000 -0.007602 -0.001713 -0.000000
117.000000 -0.007505 -0.001786 -0.000000
118.000000 -0.007405 -0.001858 -0.000000
119.000000 -0.007302 -0.001933 -0.000000
120.000000 -0.007197 -0.002008 -0.000000
121.000000 -0.007089 -0.002083 -0.000000
122.000000 -0.006979 -0.002160 -0.000000
123.000000 -0.006865 -0.002237 -0.000000
124.000000 -0.006750 -0.002316 -0.000000
125.000000 -0.006633 -0.002395 -0.000000
126.000000 -0.006513 -0.002474 -0.000000
127.000000 -0.006391 -0.002555 -0.000000
128.000000 -0.006267 -0.002635 -0.000000
129.000000 -0.006142 -0.002717 -0.000000
130.000000 -0.006015 -0.002799 -0.000000
131.000000 -0.005887 -0.002881 -0.000000
132.000000 -0.005757 -0.002963 -0.000000
133.000000 -0.005626 -0.003047 -0.000000
134.000000 -0.005493 -0.003130 -0.000000
135.000000 -0.005360 -0.003214 -0.000000
136.000000 -0.005226 -0.003298 -0.000000
137.000000 -0.005091 -0.003382 -0.000000
138.000000 -0.004954 -0.003466 -0.000000
139.000000 -0.004818 -0.003550 -0.000000
140.000000 -0.004680 -0.003635 -0.000000
141.000000 -0.004543 -0.003719 -0.000000
142.000000 -0.004405 -0.003804 -0.000000
143.000000 -0.004267 -0.003887 -0.000000
144.000000 -0.004130 -0.003972 -0.000000
145.000000 -0.003992 -0.004055 -0.000000
146.000000 -0.003854 -0.004139 -0.000000
147.000000 -0.003716 -0.004222 -0.000000
148.000000 -0.003579 -0.004305 -0.000000
149.000000 -0.003442 -0.004388 -0.000000
150.000000 -0.003306 -0.004470 -0.000000
151.000000 -0.003171 -0.004552 -0.000000
152.000000 -0.003036 -0.004633 -0.000000
153.000000 -0.002902 -0.004713 -0.000000
154.000000 -0.002770 -0.004794 -0.000000
155.000000 -0.002638 -0.004873 -0.000000
156.000000 -0.002508 -0.004952 -0.000000
157.000000 -0.002380 -0.005030 -0.000000
158.000000 -0.002252 -0.005107 -0.000000
159.000000 -0.002127 -0.005183 -0.000000
160.000000 -0.002003 -0.005259 -0.000000
161.000000 -0.001881 -0.005333 -0.000000
162.000000 -0.001760 -0.005407 -0.000000
163.000000 -0.001643 -0.005480 -0.000000
164.000000 -0.001527 -0.005551 -0.000000
165.000000 -0.001414 -0.005622 -0.000000
166.000000 -0.001303 -0.005692 -0.000000
167.000000 -0.001193 -0.005759 -0.000000
168.000000 -0.001087 -0.005826 -0.000000
169.000000 -0.000984 -0.005892 -0.000000
170.000000 -0.000884 -0.005956 -0.000000
171.000000 -0.000786 -0.006019 -0.000000
172.000000 -0.000692 -0.006080 -0.000000
173.000000 -0.000601 -0.006141 -0.000000
174.000000 -0.000513 -0.006199 -0.000000
175.000000 -0.000429 -0.006256 -0.000000
176.000000 -0.000348 -0.006312 -0.000000
177.000000 -0.000271 -0.006365 -0.000000
178.000000 -0.000197 -0.006417 -0.000000
179.000000 -0.000128 -0.006468 -0.000000
180.000000 -0.000062 -0.006516 -0.000000
181.000000 0.000000 -0.006562 -0.000000
182.000000 0.000059 -0.006608 -0.000000
183.000000 0.000117 -0.006655 -0.000000
184.000000 0.000175 -0.006701 -0.000000
185.000000 0.000231 -0.006749 -0.000000
186.000000 0.000287 -0.006796 -0.000000
187.000000 0.000341 -0.006843 -0.000000
188.000000 0.000395 -0.006891 -0.000000
189.000000 0.000449 -0.006940 -0.000000
190.000000 0.000500 -0.006987 -0.000000
191.000000 0.000552 -0.007036 -0.000000
192.000000 0.000602 -0.007084 -0.000000
193.000000 0.000652 -0.007134 -0.000000
194.000000 0.000701 -0.007182 -0.000000
195.000000 0.000749 -0.007232 -0.000000
196.000000 0.000796 -0.007280 -0.000000
197.000000 0.000843 -0.007330 -0.000000
198.000000 0.000888 -0.007379 -0.000000
199.000000 0.000933 -0.007428 -0.000000
200.000000 0.000977 -0.007477 -0.000000
201.000000 0.001020 -0.007527 -0.000000
202.000000 0.001063 -0.007575 -0.000000
203.000000 0.001105 -0.007625 -0.000000
204.000000 0.001146 -0.007673 -0.000000
205.000000 0.001186 -0.007722 -0.000000
206.000000 0.001226 -0.007770 -0.000000
207.000000 0.001264 -0.007819 -0.000000
208.000000 0.001303 -0.007867 -0.000000
209.000000 0.001340 -0.007914 -0.000000
210.000000 0.001376 -0.007963 -0.000000
211.000000 0.001412 -0.008009 -0.000000
212.000000 0.001447 -0.008056 -0.000000
213.000000 0.001481 -0.008103 -0.000000
214.000000 0.001515 -0.008150 -0.000000
215.000000 0.001548 -0.008195 -0.000000
216.000000 0.001581 -0.008240 -0.000000
217.000000 0.001613 -0.008287 -0.000000
218.000000 0.001643 -0.008330 -0.000000
219.000000 0.001674 -0.008375 -0.000000
220.000000 0.001703 -0.008419 -0.000000
221.000000 0.001733 -0.008462 -0.000000
222.000000 0.001762 -0.008504 -0.000000
223.000000 0.001789 -0.008547 -0.000000
224.000000 0.001816 -0.008588 -0.000000
225.000000 0.001842 -0.008629 -0.000000
226.000000 0.001868 -0.008669 -0.000000
227.000000 0.001894 -0.008708 -0.000000
228.000000 0.001918 -0.008747 -0.000000
229.000000 0.001942 -0.008785 -0.000000
230.000000 0.001965 -0.008823 -0.000000
231.000000 0.001988 -0.008859 -0.000000
232.000000 0.002011 -0.008896 -0.000000
233.000000 0.002033 -0.008930 -0.000000
234.000000 0.002053 -0.008965 -0.000000
235.000000 0.002073 -0.008998 -0.000000
236.000000 0.002093 -0.009031 -0.000000
237.000000 0.002113 -0.009062 -0.000000
238.000000 0.002132 -0.009093 -0.000000
239.000000 0.002150 -0.009123 -0.000000
240.000000 0.002168 -0.009151 -0.000000
241.000000 0.002185 -0.009179 -0.000000
242.000000 0.002201 -0.009206 -0.000000
243.000000 0.002217 -0.009232 -0.000000
244.000000 0.002233 -0.009257 -0.000000
245.000000 0.002248 -0.009279 -0.000000
246.000000 0.002263 -0.009302 -0.000000
247.000000 0.002277 -0.009324 -0.000000
248.000000 0.002291 -0.009343 -0.000000
249.000000 0.002303 -0.009362 -0.000000
250.000000 0.002316 -0.009380 -0.000000
251.000000 0.002328 -0.009397 -0.000000
252.000000 0.002340 -0.009412 -0.000000
253.000000 0.002351 -0.009426 -0.000000
254.000000 0.002363 -0.009439 -0.000000
255.000000 0.002372 -0.009449 -0.000000
256.000000 0.002382 -0.009459 -0.000000
257.000000 0.002392 -0.009468 -0.000000
258.000000 0.002401 -0.009475 -0.000000
259.000000 0.002409 -0.009482 -0.000000
260.000000 0.002417 -0.009485 -0.000000
261.000000 0.002425 -0.009489 -0.000000
262.000000 0.002433 -0.009491 -0.000000
263.000000 0.002439 -0.009490 -0.000000
264.000000 0.002446 -0.009489 -0.000000
265.000000 0.002452 -0.009485 -0.000000
266.000000 0.002458 -0.009480 -0.000000
267.000000 0.002463 -0.009473 -0.000000
268.000000 0.002468 -0.009466 -0.000000
269.000000 0.002473 -0.009456 -0.000000
270.000000 0.002477 -0.009444 -0.000000
271.000000 0.002481 -0.009432 -0.000000
272.000000 0.002485 -0.009416 -0.000000
273.000000 0.002488 -0.009400 -0.000000
274.000000 0.002491 -0.009381 -0.000000
275.000000 0.002493 -0.009361 -0.000000
276.000000 0.002495 -0.009340 -0.000000
277.000000 0.002498 -0.009316 -0.000000
278.000000 0.002499 -0.009289 -0.000000
279.000000 0.002501 -0.009262 -0.000000
280.000000 0.002501 -0.009232 -0.000000
281.000000 0.002502 -0.009201 -0.000000
282.000000 0.002503 -0.009168 -0.000000
283.000000 0.002503 -0.009132 -0.000000
284.000000 0.002501 -0.009092 -0.000000
285.000000 0.002498 -0.009045 -0.000000
286.000000 0.002492 -0.008991 -0.000000
287.000000 0.002484 -0.008931 -0.000000
288.000000 0.002474 -0.008865 -0.000000
289.000000 0.002461 -0.008792 -0.000000
290.000000 0.002446 -0.008714 -0.000000
291.000000 0.002429 -0.008629 -0.000000
292.000000 0.002410 -0.008538 -0.000000
293.000000 0.002390 -0.008443 -0.000000
294.000000 0.002367 -0.008342 -0.000000
295.000000 0.002343 -0.008237 -0.000000
296.000000 0.002317 -0.008127 -0.000000
297.000000 0.002290 -0.008011 -0.000000
298.000000 0.002261 -0.007892 -0.000000
299.000000 0.002230 -0.007769 -0.000000
300.000000 0.002198 -0.007640 -0.000000
301.000000 0.002165 -0.007509 -0.000000
302.000000 0.002129 -0.007374 -0.000000
303.000000 0.002093 -0.007235 -0.000000
304.000000 0.002056 -0.007094 -0.000000
305.000000 0.002018 -0.006949 -0.000000
306.000000 0.001978 -0.006802 -0.000000
307.000000 0.001937 -0.006651 -0.000000
308.000000 0.001896 -0.006498 -0.000000
309.000000 0.001853 -0.006343 -0.000000
310.000000 0.001811 -0.006186 -0.000000
311.000000 0.001767 -0.006027 -0.000000
312.000000 0.001722 -0.005867 -0.000000
313.000000 0.001677 -0.005705 -0.000000
314.000000 0.001631 -0.005541 -0.000000
315.000000 0.001585 -0.005377 -0.000000
316.000000 0.001538 -0.005211 -0.000000
317.000000 0.001491 -0.005045 -0.000000
318.000000 0.001443 -0.004878 -0.000000
319.000000 0.001396 -0.004712 -0.000000
320.000000 0.001347 -0.004544 -0.000000
321.000000 0.001300 -0.004378 -0.000000
322.000000 0.001252 -0.004210 -0.000000
323.000000 0.001203 -0.004045 -0.000000
324.000000 0.001155 -0.003879 -0.000000
325.000000 0.001107 -0.003714 -0.000000
326.000000 0.001059 -0.003550 -0.000000
327.000000 0.001012 -0.003388 -0.000000
328.000000 0.000965 -0.003227 -0.000000
329.000000 0.000918 -0.003068 -0.000000
330.000000 0.000872 -0.002910 -0.000000
331.000000 0.000826 -0.002755 -0.000000
332.000000 0.000781 -0.002602 -0.000000
333.000000 0.000736 -0.002450 -0.000000
334.000000 0.000692 -0.002302 -0.000000
335.000000 0.000649 -0.002157 -0.000000
336.000000 0.000607 -0.002014 -0.000000
337.000000 0.000565 -0.001875 -0.000000
338.000000 0.000525 -0.001739 -0.000000
339.000000 0.000485 -0.001607 -0.000000
340.000000 0.000447 -0.001479 -0.000000
341.000000 0.000409 -0.001354 -0.000000
342.000000 0.000373 -0.001234 -0.000000
343.000000 0.000338 -0.001118 -0.000000
344.000000 0.000305 -0.001007 -0.000000
345.000000 0.000273 -0.000900 -0.000000
346.000000 0.000242 -0.000798 -0.000000
347.000000 0.000213 -0.000702 -0.000000
348.000000 0.000186 -0.000611 -0.000000
349.000000 0.000160 -0.000525 -0.000000
350.000000 0.000135 -0.000445 -0.000000
351.000000 0.000113 -0.000371 -0.000000
352.000000 0.000092 -0.000304 -0.000000
353.000000 0.000074 -0.000241 -0.000000
354.000000 0.000057 -0.000187 -0.000000
355.000000 0.000042 -0.000138 -0.000000
356.000000 0.000029 -0.000097 -0.000000
357.000000 0.000019 -0.000063 -0.000000
358.000000 0.000011 -0.000036 -0.000000
359.000000 0.000005 -0.000016 -0.000000
360.000000 0.000002 -0.000004 -0.000000
361.000000 0.000000 0.000000 -0.000000
361
1.000000 0.000000 -0.000000 0.000000
2.000000 0.001337 -0.000330 -0.000601
3.000000 0.002703 -0.000665 -0.001202
4.000000 0.004097 -0.001001 -0.001803
5.000000 0.005517 -0.001341 -0.002406
6.000000 0.006962 -0.001684 -0.003007
7.000000 0.008433 -0.002028 -0.003610
8.000000 0.009926 -0.002376 -0.004212
9.000000 0.011444 -0.002724 -0.004814
10.000000 0.012982 -0.003074 -0.005417
11.000000 0.014543 -0.003425 -0.006019
12.000000 0.016123 -0.003776 -0.006620
13.000000 0.017722 -0.004128 -0.007221
14.000000 0.019341 -0.004480 -0.007822
15.000000 0.020976 -0.004832 -0.008422
16.000000 0.022628 -0.005184 -0.009021
17.000000 0.024296 -0.005535 -0.009620
18.000000 0.025978 -0.005886 -0.010217
19.000000 0.027674 -0.006235 -0.010814
20.000000 0.029382 -0.006583 -0.011409
21.000000 0.031103 -0.006929 -0.012003
22.000000 0.032835 -0.007273 -0.012596
23.000000 0.034577 -0.007615 -0.013187
24.000000 0.036328 -0.007956 -0.013775
25.000000 0.038088 -0.008292 -0.014363
26.000000 0.039855 -0.008628 -0.014949
27.000000 0.041627 -0.008960 -0.015532
28.000000 0.043405 -0.009288 -0.016116
29.000000 0.045188 -0.009612 -0.016695
30.000000 0.046974 -0.009934 -0.017272
31.000000 0.048763 -0.010252 -0.017847
32.000000 0.050554 -0.010565 -0.018419
33.000000 0.052345 -0.010875 -0.018990
34.000000 0.054136 -0.011180 -0.019557
35.000000 0.055926 -0.011480 -0.020122
36.000000 0.057714 -0.011777 -0.020684
37.000000 0.059498 -0.012068 -0.021243
38.000000 0.061278 -0.012354 -0.021798
39.000000 0.063054 -0.012635 -0.022351
40.000000 0.064824 -0.012910 -0.022901
41.000000 0.066587 -0.013180 -0.023448
42.000000 0.068343 -0.013445 -0.023991
43.000000 0.070089 -0.013704 -0.024531
44.000000 0.071826 -0.013957 -0.025069
45.000000 0.073552 -0.014204 -0.025603
46.000000 0.075267 -0.014445 -0.026133
47.000000 0.076969 -0.014679 -0.026659
48.000000 0.078658 -0.014908 -0.027183
49.000000 0.080332 -0.015130 -0.027704
50.000000 0.081991 -0.015345 -0.028220
51.000000 0.083633 -0.015553 -0.028734
52.000000 0.085260 -0.015755 -0.029244
53.000000 0.086866 -0.015950 -0.029752
54.000000 0.088454 -0.016138 -0.030256
55.000000 0.090022 -0.016320 -0.030757
56.000000 0.091569 -0.016494 -0.031254
57.000000 0.093094 -0.016660 -0.031750
58.000000 0.094596 -0.016819 -0.032241
59.000000 0.096074 -0.016970 -0.032731
60.000000 0.097527 -0.017115 -0.033217
61.000000 0.098954 -0.017251 -0.033700
62.000000 0.100355 -0.017381 -0.034181
63.000000 0.101728 -0.017503 -0.034659
64.000000 0.103072 -0.017616 -0.035135
65.000000 0.104386 -0.017722 -0.035610
66.000000 0.105671 -0.017820 -0.036081
67.000000 0.106924 -0.017910 -0.036552
68.000000 0.108144 -0.017993 -0.037019
69.000000 0.109330 -0.018066 -0.037487
70.000000 0.110483 -0.018132 -0.037952
71.000000 0.111600 -0.018190 -0.038416
72.000000 0.112682 -0.018240 -0.038880
73.000000 0.113725 -0.018282 -0.039343
74.000000 0.114732 -0.018315 -0.039805
75.000000 0.115698 -0.018340 -0.040266
76.000000 0.116625 -0.018357 -0.040729
77.000000 0.117511 -0.018365 -0.041190
78.000000 0.118355 -0.018365 -0.041653
79.000000 0.119157 -0.018357 -0.042115
80.000000 0.119914 -0.018340 -0.042579
81.000000 0.120627 -0.018315 -0.043044
82.000000 0.121294 -0.018281 -0.043511
83.000000 0.121915 -0.018239 -0.043978
84.000000 0.122489 -0.018190 -0.044448
85.000000 0.123013 -0.018131 -0.044921
86.000000 0.123489 -0.018063 -0.045395
87.000000 0.123914 -0.017987 -0.045873
88.000000 0.124287 -0.017902 -0.046353
89.000000 0.124609 -0.017810 -0.046837
90.000000 0.124878 -0.017708 -0.047324
91.000000 0.125092 -0.017600 -0.047815
92.000000 0.125250 -0.017482 -0.048310
93.000000 0.125354 -0.017355 -0.048812
94.000000 0.125400 -0.017220 -0.049316
95.000000 0.125371 -0.017071 -0.049836
96.000000 0.125250 -0.016903 -0.050384
97.000000 0.125038 -0.016713 -0.050958
98.000000 0.124738 -0.016507 -0.051558
99.000000 0.124352 -0.016282 -0.052184
100.000000 0.123883 -0.016041 -0.052834
101.000000 0.123331 -0.015784 -0.053508
102.000000 0.122699 -0.015513 -0.054205
103.000000 0.121990 -0.015227 -0.054926
104.000000 0.121204 -0.014929 -0.055669
105.000000 0.120345 -0.014619 -0.056432
106.000000 0.119414 -0.014297 -0.057217
107.000000 0.118413 -0.013966 -0.058022
108.000000 0.117345 -0.013626 -0.058846
109.000000 0.116211 -0.013276 -0.059688
110.000000 0.115013 -0.012920 -0.060548
111.000000 0.113754 -0.012557 -0.061426
112.000000 0.112435 -0.012188 -0.062319
113.000000 0.111059 -0.011815 -0.063228
114.000000 0.109627 -0.011438 -0.064150
115.000000 0.108143 -0.011057 -0.065087
116.000000 0.106607 -0.010675 -0.066034
117.000000 0.105021 -0.010292 -0.066995
118.000000 0.103389 -0.009907 -0.067965
119.000000 0.101711 -0.009522 -0.068945
120.000000 0.099991 -0.009139 -0.069933
121.000000 0.098230 -0.008757 -0.070928
122.000000 0.096430 -0.008377 -0.071929
123.000000 0.094594 -0.008001 -0.072936
124.000000 0.092724 -0.007627 -0.073946
125.000000 0.090820 -0.007259 -0.074960
126.000000 0.088887 -0.006894 -0.075976
127.000000 0.086926 -0.006536 -0.076992
128.000000 0.084939 -0.006183 -0.078006
129.000000 0.082927 -0.005837 -0.079019
130.000000 0.080895 -0.005498 -0.080030
131.000000 0.078842 -0.005165 -0.081036
132.000000 0.076773 -0.004842 -0.082037
133.000000 0.074689 -0.004525 -0.083030
134.000000 0.072591 -0.004217 -0.084016
135.000000 0.070483 -0.003919 -0.084994
136.000000 0.068366 -0.003629 -0.085961
137.000000 0.066243 -0.003348 -0.086916
138.000000 0.064116 -0.003077 -0.087859
139.000000 0.061986 -0.002815 -0.088789
140.000000 0.059858 -0.002564 -0.089704
141.000000 0.057730 -0.002323 -0.090603
142.000000 0.055608 -0.002091 -0.091484
143.000000 0.053493 -0.001870 -0.092348
144.000000 0.051388 -0.001659 -0.093191
145.000000 0.049292 -0.001458 -0.094017
146.000000 0.047211 -0.001267 -0.094819
147.000000 0.045145 -0.001087 -0.095600
148.000000 0.043097 -0.000918 -0.096357
149.000000 0.041070 -0.000758 -0.097091
150.000000 0.039065 -0.000607 -0.097800
151.000000 0.037083 -0.000467 -0.098483
152.000000 0.035130 -0.000337 -0.099140
153.000000 0.033204 -0.000216 -0.099768
154.000000 0.031310 -0.000105 -0.100369
155.000000 0.029450 -0.000002 -0.100941
156.000000 0.027626 0.000091 -0.101483
157.000000 0.025839 0.000176 -0.101995
158.000000 0.024092 0.000251 -0.102476
159.000000 0.022388 0.000318 -0.102926
160.000000 0.020727 0.000378 -0.103343
161.000000 0.019113 0.000428 -0.103727
162.000000 0.017549 0.000471 -0.104078
163.000000 0.016036 0.000507 -0.104396
164.000000 0.014575 0.000535 -0.104679
165.000000 0.013170 0.000556 -0.104928
166.000000 0.011822 0.000570 -0.105142
167.000000 0.010535 0.000576 -0.105321
168.000000 0.009309 0.000577 -0.105464
169.000000 0.008147 0.000571 -0.105568
170.000000 0.007052 0.000558 -0.105638
171.000000 0.006025 0.000538 -0.105671
172.000000 0.005069 0.000513 -0.105664
173.000000 0.004186 0.000481 -0.105621
174.000000 0.003378 0.000443 -0.105538
175.000000 0.002646 0.000399 -0.105417
176.000000 0.001995 0.000349 -0.105258
177.000000 0.001424 0.000293 -0.105057
178.000000 0.000937 0.000229 -0.104816
179.000000 0.000536 0.000160 -0.104535
180.000000 0.000223 0.000083 -0.104211
181.000000 0.000000 0.000000 -0.103847
182.000000 -0.000148 -0.000091 -0.103440
183.000000 -0.000236 -0.000191 -0.102990
184.000000 -0.000266 -0.000298 -0.102498
185.000000 -0.000238 -0.000414 -0.101966
186.000000 -0.000156 -0.000539 -0.101393
187.000000 -0.000018 -0.000671 -0.100781
188.000000 0.000172 -0.000812 -0.100132
189.000000 0.000415 -0.000961 -0.099444
190.000000 0.000709 -0.001118 -0.098720
191.000000 0.001051 -0.001285 -0.097959
192.000000 0.001443 -0.001459 -0.097163
193.000000 0.001881 -0.001643 -0.096333
194.000000 0.002367 -0.001835 -0.095468
195.000000 0.002896 -0.002035 -0.094570
196.000000 0.003469 -0.002246 -0.093640
197.000000 0.004084 -0.002466 -0.092679
198.000000 0.004741 -0.002694 -0.091687
199.000000 0.005437 -0.002933 -0.090663
200.000000 0.006171 -0.003181 -0.089612
201.000000 0.006943 -0.003439 -0.088531
202.000000 0.007751 -0.003706 -0.087424
203.000000 0.008594 -0.003984 -0.086288
204.000000 0.009471 -0.004272 -0.085126
205.000000 0.010380 -0.004570 -0.083938
206.000000 0.011319 -0.004879 -0.082726
207.000000 0.012290 -0.005198 -0.081490
208.000000 0.013288 -0.005528 -0.080231
209.000000 0.014315 -0.005869 -0.078949
210.000000 0.015366 -0.006221 -0.077646
211.000000 0.016443 -0.006583 -0.076322
212.000000 0.017544 -0.006956 -0.074978
213.000000 0.018667 -0.007341 -0.073615
214.000000 0.019811 -0.007736 -0.072234
215.000000 0.020976 -0.008143 -0.070836
216.000000 0.022159 -0.008559 -0.069421
217.000000 0.023359 -0.008988 -0.067991
218.000000 0.024577 -0.009428 -0.066545
219.000000 0.025809 -0.009878 -0.065088
220.000000 0.027054 -0.010339 -0.063616
221.000000 0.028313 -0.010811 -0.062132
222.000000 0.029583 -0.011293 -0.060637
223.000000 0.030863 -0.011786 -0.059134
224.000000 0.032153 -0.012289 -0.057620
225.000000 0.033450 -0.012802 -0.056098
226.000000 0.034755 -0.013324 -0.054569
227.000000 0.036063 -0.013858 -0.053034
228.000000 0.037378 -0.014400 -0.051493
229.000000 0.038694 -0.014951 -0.049948
230.000000 0.040014 -0.015510 -0.048399
231.000000 0.041334 -0.016078 -0.046848
232.000000 0.042653 -0.016656 -0.045295
233.000000 0.043971 -0.017240 -0.043742
234.000000 0.045288 -0.017832 -0.042188
235.000000 0.046600 -0.018430 -0.040637
236.000000 0.047906 -0.019036 -0.039087
237.000000 0.049209 -0.019647 -0.037540
238.000000 0.050503 -0.020264 -0.035998
239.000000 0.051790 -0.020886 -0.034459
240.000000 0.053067 -0.021513 -0.032927
241.000000 0.054335 -0.022143 -0.031403
242.000000 0.055591 -0.022777 -0.029885
243.000000 0.056835 -0.023415 -0.028376
244.000000 0.058065 -0.024053 -0.026876
245.000000 0.059282 -0.024695 -0.025386
246.000000 0.060483 -0.025336 -0.023908
247.000000 0.061668 -0.025978 -0.022440
248.000000 0.062834 -0.026620 -0.020987
249.000000 0.063984 -0.027260 -0.019546
250.000000 0.065113 -0.027899 -0.018120
251.000000 0.066223 -0.028535 -0.016709
252.000000 0.067310 -0.029168 -0.015313
253.000000 0.068377 -0.029797 -0.013935
254.000000 0.069419 -0.030422 -0.012573
255.000000 0.070438 -0.031040 -0.011230
256.000000 0.071431 -0.031651 -0.009905
257.000000 0.072399 -0.032257 -0.008601
258.000000 0.073340 -0.032852 -0.007316
259.000000 0.074252 -0.033440 -0.006053
260.000000 0.075137 -0.034018 -0.004811
261.000000 0.075991 -0.034585 -0.003592
262.000000 0.076815 -0.035140 -0.002395
263.000000 0.077607 -0.035685 -0.001223
264.000000 0.078368 -0.036214 -0.000074
265.000000 0.079094 -0.036730 0.001050
266.000000 0.079787 -0.037230 0.002148
267.000000 0.080445 -0.037715 0.003220
268.000000 0.081067 -0.038184 0.004266
269.000000 0.081653 -0.038635 0.005283
270.000000 0.082199 -0.039066 0.006273
271.000000 0.082709 -0.039479 0.007234
272.000000 0.083178 -0.039871 0.008165
273.000000 0.083608 -0.040242 0.009068
274.000000 0.083996 -0.040591 0.009939
275.000000 0.084342 -0.040917 0.010779
276.000000 0.084646 -0.041218 0.011588
277.000000 0.084905 -0.041496 0.012365
278.000000 0.085120 -0.041748 0.013109
279.000000 0.085290 -0.041973 0.013819
280.000000 0.085413 -0.042172 0.014495
281.000000 0.085488 -0.042341 0.015136
282.000000 0.085516 -0.042483 0.015741
283.000000 0.085494 -0.042595 0.016312
284.000000 0.085407 -0.042667 0.016841
285.000000 0.085241 -0.042690 0.017330
286.000000 0.085000 -0.042666 0.017778
287.000000 0.084684 -0.042595 0.018187
288.000000 0.084296 -0.042479 0.018555
289.000000 0.083838 -0.042318 0.018887
290.000000 0.083312 -0.042114 0.019182
291.000000 0.082721 -0.041869 0.019439
292.000000 0.082066 -0.041583 0.019662
293.000000 0.081349 -0.041258 0.019851
294.000000 0.080573 -0.040893 0.020006
295.000000 0.079740 -0.040495 0.020128
296.000000 0.078851 -0.040059 0.020219
297.000000 0.077909 -0.039591 0.020277
298.000000 0.076915 -0.039089 0.020306
299.000000 0.075872 -0.038558 0.020306
300.000000 0.074782 -0.037997 0.020276
301.000000 0.073647 -0.037407 0.020218
302.000000 0.072467 -0.036790 0.020134
303.000000 0.071247 -0.036149 0.020023
304.000000 0.069987 -0.035483 0.019886
305.000000 0.068690 -0.034795 0.019724
306.000000 0.067357 -0.034086 0.019539
307.000000 0.065991 -0.033358 0.019330
308.000000 0.064593 -0.032613 0.019099
309.000000 0.063167 -0.031850 0.018847
310.000000 0.061713 -0.031072 0.018573
311.000000 0.060232 -0.030281 0.018281
312.000000 0.058729 -0.029477 0.017969
313.000000 0.057203 -0.028663 0.017639
314.000000 0.055659 -0.027839 0.017292
315.000000 0.054096 -0.027007 0.016930
316.000000 0.052519 -0.026169 0.016550
317.000000 0.050929 -0.025324 0.016158
318.000000 0.049326 -0.024477 0.015751
319.000000 0.047713 -0.023626 0.015333
320.000000 0.046094 -0.022773 0.014901
321.000000 0.044471 -0.021921 0.014460
322.000000 0.042842 -0.021070 0.014009
323.000000 0.041214 -0.020220 0.013550
324.000000 0.039586 -0.019376 0.013083
325.000000 0.037961 -0.018535 0.012611
326.000000 0.036340 -0.017701 0.012131
327.000000 0.034729 -0.016873 0.011647
328.000000 0.033126 -0.016054 0.011161
329.000000 0.031534 -0.015244 0.010671
330.000000 0.029957 -0.014445 0.010180
331.000000 0.028394 -0.013657 0.009688
332.000000 0.026850 -0.012882 0.009198
333.000000 0.025326 -0.012120 0.008710
334.000000 0.023826 -0.011373 0.008223
335.000000 0.022350 -0.010642 0.007742
336.000000 0.020900 -0.009928 0.007264
337.000000 0.019480 -0.009230 0.006794
338.000000 0.018090 -0.008551 0.006328
339.000000 0.016734 -0.007891 0.005873
340.000000 0.015415 -0.007253 0.005426
341.000000 0.014133 -0.006634 0.004990
342.000000 0.012892 -0.006038 0.004563
343.000000 0.011694 -0.005465 0.004151
344.000000 0.010540 -0.004915 0.003752
345.000000 0.009433 -0.004391 0.003366
346.000000 0.008375 -0.003891 0.002996
347.000000 0.007370 -0.003417 0.002644
348.000000 0.006418 -0.002971 0.002308
349.000000 0.005523 -0.002552 0.001991
350.000000 0.004686 -0.002162 0.001692
351.000000 0.003910 -0.001801 0.001416
352.000000 0.003198 -0.001471 0.001160
353.000000 0.002550 -0.001172 0.000927
354.000000 0.001971 -0.000905 0.000718
355.000000 0.001461 -0.000670 0.000534
356.000000 0.001024 -0.000469 0.000375
357.000000 0.000661 -0.000303 0.000242
358.000000 0.000376 -0.000171 0.000138
359.000000 0.000169 -0.000077 0.000062
360.000000 0.000043 -0.000019 0.000016
361.000000 0.000000 -0.000000 0.000000
"Frame2_vanessa_Layer2"
"Frame_SCENE_ROOT"
8 0.000000 0.000000 0.000000 0.000000 -0.000000 0.000000
361
1.000000 0.000000 0.000000 -0.000000
2.000000 0.000000 0.000000 0.016667
3.000000 0.000000 0.000000 0.033333
4.000000 0.000000 0.000000 0.050000
5.000000 0.000000 0.000000 0.066667
6.000000 0.000000 0.000000 0.083333
7.000000 0.000000 0.000000 0.100000
8.000000 0.000000 0.000000 0.116667
9.000000 0.000000 0.000000 0.133333
10.000000 0.000000 0.000000 0.150000
11.000000 0.000000 0.000000 0.166667
12.000000 0.000000 0.000000 0.183333
13.000000 0.000000 0.000000 0.200000
14.000000 0.000000 0.000000 0.216667
15.000000 0.000000 0.000000 0.233333
16.000000 0.000000 0.000000 0.250000
17.000000 0.000000 0.000000 0.266667
18.000000 0.000000 0.000000 0.283333
19.000000 0.000000 0.000000 0.300000
20.000000 0.000000 0.000000 0.316667
21.000000 0.000000 0.000000 0.333333
22.000000 0.000000 0.000000 0.350000
23.000000 0.000000 0.000000 0.366667
24.000000 0.000000 0.000000 0.383333
25.000000 0.000000 0.000000 0.400000
26.000000 0.000000 0.000000 0.416667
27.000000 0.000000 0.000000 0.433333
28.000000 0.000000 0.000000 0.450000
29.000000 0.000000 0.000000 0.466667
30.000000 0.000000 0.000000 0.483333
31.000000 0.000000 0.000000 0.500000
32.000000 0.000000 0.000000 0.516667
33.000000 0.000000 0.000000 0.533333
34.000000 0.000000 0.000000 0.550000
35.000000 0.000000 0.000000 0.566667
36.000000 0.000000 0.000000 0.583333
37.000000 0.000000 0.000000 0.600000
38.000000 0.000000 0.000000 0.616667
39.000000 0.000000 0.000000 0.633333
40.000000 0.000000 0.000000 0.650000
41.000000 0.000000 0.000000 0.666667
42.000000 0.000000 0.000000 0.683333
43.000000 0.000000 0.000000 0.700000
44.000000 0.000000 0.000000 0.716667
45.000000 0.000000 0.000000 0.733333
46.000000 0.000000 0.000000 0.750000
47.000000 0.000000 0.000000 0.766667
48.000000 0.000000 0.000000 0.783333
49.000000 0.000000 0.000000 0.800000
50.000000 0.000000 0.000000 0.816667
51.000000 0.000000 0.000000 0.833333
52.000000 0.000000 0.000000 0.850000
53.000000 0.000000 0.000000 0.866667
54.000000 0.000000 0.000000 0.883333
55.000000 0.000000 0.000000 0.900000
56.000000 0.000000 0.000000 0.916667
57.000000 0.000000 0.000000 0.933333
58.000000 0.000000 0.000000 0.950000
59.000000 0.000000 0.000000 0.966667
60.000000 0.000000 0.000000 0.983333
61.000000 0.000000 0.000000 1.000000
62.000000 0.000000 0.000000 1.016667
63.000000 0.000000 0.000000 1.033333
64.000000 0.000000 0.000000 1.050000
65.000000 0.000000 0.000000 1.066667
66.000000 0.000000 0.000000 1.083333
67.000000 0.000000 0.000000 1.100000
68.000000 0.000000 0.000000 1.116667
69.000000 0.000000 0.000000 1.133333
70.000000 0.000000 0.000000 1.150000
71.000000 0.000000 0.000000 1.166667
72.000000 0.000000 0.000000 1.183333
73.000000 0.000000 0.000000 1.200000
74.000000 0.000000 0.000000 1.216667
75.000000 0.000000 0.000000 1.233333
76.000000 0.000000 0.000000 1.250000
77.000000 0.000000 0.000000 1.266667
78.000000 0.000000 0.000000 1.283333
79.000000 0.000000 0.000000 1.300000
80.000000 0.000000 0.000000 1.316667
81.000000 0.000000 0.000000 1.333333
82.000000 0.000000 0.000000 1.350000
83.000000 0.000000 0.000000 1.366667
84.000000 0.000000 0.000000 1.383333
85.000000 0.000000 0.000000 1.400000
86.000000 0.000000 0.000000 1.416667
87.000000 0.000000 0.000000 1.433333
88.000000 0.000000 0.000000 1.450000
89.000000 0.000000 0.000000 1.466667
90.000000 0.000000 0.000000 1.483333
91.000000 0.000000 0.000000 1.500000
92.000000 0.000000 0.000000 1.516667
93.000000 0.000000 0.000000 1.533333
94.000000 0.000000 0.000000 1.550000
95.000000 0.000000 0.000000 1.566667
96.000000 0.000000 0.000000 1.583333
97.000000 0.000000 0.000000 1.600000
98.000000 0.000000 0.000000 1.616667
99.000000 0.000000 0.000000 1.633333
100.000000 0.000000 0.000000 1.650000
101.000000 0.000000 0.000000 1.666667
102.000000 0.000000 0.000000 1.683333
103.000000 0.000000 0.000000 1.700000
104.000000 0.000000 0.000000 1.716667
105.000000 0.000000 0.000000 1.733333
106.000000 0.000000 0.000000 1.750000
107.000000 0.000000 0.000000 1.766667
108.000000 0.000000 0.000000 1.783333
109.000000 0.000000 0.000000 1.800000
110.000000 0.000000 0.000000 1.816667
111.000000 0.000000 0.000000 1.833333
112.000000 0.000000 0.000000 1.850000
113.000000 0.000000 0.000000 1.866667
114.000000 0.000000 0.000000 1.883333
115.000000 0.000000 0.000000 1.900000
116.000000 0.000000 0.000000 1.916667
117.000000 0.000000 0.000000 1.933333
118.000000 0.000000 0.000000 1.950000
119.000000 0.000000 0.000000 1.966667
120.000000 0.000000 0.000000 1.983333
121.000000 0.000000 0.000000 2.000000
122.000000 0.000000 0.000000 2.016667
123.000000 0.000000 0.000000 2.033333
124.000000 0.000000 0.000000 2.050000
125.000000 0.000000 0.000000 2.066667
126.000000 0.000000 0.000000 2.083333
127.000000 0.000000 0.000000 2.100000
128.000000 0.000000 0.000000 2.116667
129.000000 0.000000 0.000000 2.133333
130.000000 0.000000 0.000000 2.150000
131.000000 0.000000 0.000000 2.166667
132.000000 0.000000 0.000000 2.183333
133.000000 0.000000 0.000000 2.200000
134.000000 0.000000 0.000000 2.216667
135.000000 0.000000 0.000000 2.233333
136.000000 0.000000 0.000000 2.250000
137.000000 0.000000 0.000000 2.266667
138.000000 0.000000 0.000000 2.283333
139.000000 0.000000 0.000000 2.300000
140.000000 0.000000 0.000000 2.316667
141.000000 0.000000 0.000000 2.333333
142.000000 0.000000 0.000000 2.350000
143.000000 0.000000 0.000000 2.366667
144.000000 0.000000 0.000000 2.383333
145.000000 0.000000 0.000000 2.400000
146.000000 0.000000 0.000000 2.416667
147.000000 0.000000 0.000000 2.433333
148.000000 0.000000 0.000000 2.450000
149.000000 0.000000 0.000000 2.466667
150.000000 0.000000 0.000000 2.483333
151.000000 0.000000 0.000000 2.500000
152.000000 0.000000 0.000000 2.516667
153.000000 0.000000 0.000000 2.533333
154.000000 0.000000 0.000000 2.550000
155.000000 0.000000 0.000000 2.566667
156.000000 0.000000 0.000000 2.583333
157.000000 0.000000 0.000000 2.600000
158.000000 0.000000 0.000000 2.616667
159.000000 0.000000 0.000000 2.633333
160.000000 0.000000 0.000000 2.650000
161.000000 0.000000 0.000000 2.666667
162.000000 0.000000 0.000000 2.683333
163.000000 0.000000 0.000000 2.700000
164.000000 0.000000 0.000000 2.716667
165.000000 0.000000 0.000000 2.733333
166.000000 0.000000 0.000000 2.750000
167.000000 0.000000 0.000000 2.766667
168.000000 0.000000 0.000000 2.783333
169.000000 0.000000 0.000000 2.800000
170.000000 0.000000 0.000000 2.816667
171.000000 0.000000 0.000000 2.833333
172.000000 0.000000 0.000000 2.850000
173.000000 0.000000 0.000000 2.866667
174.000000 0.000000 0.000000 2.883333
175.000000 0.000000 0.000000 2.900000
176.000000 0.000000 0.000000 2.916667
177.000000 0.000000 0.000000 2.933333
178.000000 0.000000 0.000000 2.950000
179.000000 0.000000 0.000000 2.966667
180.000000 0.000000 0.000000 2.983333
181.000000 0.000000 0.000000 3.000000
182.000000 0.000000 0.000000 3.016667
183.000000 0.000000 0.000000 3.033333
184.000000 0.000000 0.000000 3.050000
185.000000 0.000000 0.000000 3.066667
186.000000 0.000000 0.000000 3.083333
187.000000 0.000000 0.000000 3.100000
188.000000 0.000000 0.000000 3.116667
189.000000 0.000000 0.000000 3.133333
190.000000 0.000000 0.000000 3.150000
191.000000 0.000000 0.000000 3.166667
192.000000 0.000000 0.000000 3.183333
193.000000 0.000000 0.000000 3.200000
194.000000 0.000000 0.000000 3.216667
195.000000 0.000000 0.000000 3.233333
196.000000 0.000000 0.000000 3.250000
197.000000 0.000000 0.000000 3.266667
198.000000 0.000000 0.000000 3.283333
199.000000 0.000000 0.000000 3.300000
200.000000 0.000000 0.000000 3.316667
201.000000 0.000000 0.000000 3.333333
202.000000 0.000000 0.000000 3.350000
203.000000 0.000000 0.000000 3.366667
204.000000 0.000000 0.000000 3.383333
205.000000 0.000000 0.000000 3.400000
206.000000 0.000000 0.000000 3.416667
207.000000 0.000000 0.000000 3.433333
208.000000 0.000000 0.000000 3.450000
209.000000 0.000000 0.000000 3.466667
210.000000 0.000000 0.000000 3.483333
211.000000 0.000000 0.000000 3.500000
212.000000 0.000000 0.000000 3.516667
213.000000 0.000000 0.000000 3.533333
214.000000 0.000000 0.000000 3.550000
215.000000 0.000000 0.000000 3.566667
216.000000 0.000000 0.000000 3.583333
217.000000 0.000000 0.000000 3.600000
218.000000 0.000000 0.000000 3.616667
219.000000 0.000000 0.000000 3.633333
220.000000 0.000000 0.000000 3.650000
221.000000 0.000000 0.000000 3.666667
222.000000 0.000000 0.000000 3.683333
223.000000 0.000000 0.000000 3.700000
224.000000 0.000000 0.000000 3.716667
225.000000 0.000000 0.000000 3.733333
226.000000 0.000000 0.000000 3.750000
227.000000 0.000000 0.000000 3.766667
228.000000 0.000000 0.000000 3.783333
229.000000 0.000000 0.000000 3.800000
230.000000 0.000000 0.000000 3.816667
231.000000 0.000000 0.000000 3.833333
232.000000 0.000000 0.000000 3.850000
233.000000 0.000000 0.000000 3.866667
234.000000 0.000000 0.000000 3.883333
235.000000 0.000000 0.000000 3.900000
236.000000 0.000000 0.000000 3.916667
237.000000 0.000000 0.000000 3.933333
238.000000 0.000000 0.000000 3.950000
239.000000 0.000000 0.000000 3.966667
240.000000 0.000000 0.000000 3.983333
241.000000 0.000000 0.000000 4.000000
242.000000 0.000000 0.000000 4.016667
243.000000 0.000000 0.000000 4.033333
244.000000 0.000000 0.000000 4.050000
245.000000 0.000000 0.000000 4.066667
246.000000 0.000000 0.000000 4.083333
247.000000 0.000000 0.000000 4.100000
248.000000 0.000000 0.000000 4.116667
249.000000 0.000000 0.000000 4.133333
250.000000 0.000000 0.000000 4.150000
251.000000 0.000000 0.000000 4.166667
252.000000 0.000000 0.000000 4.183333
253.000000 0.000000 0.000000 4.200000
254.000000 0.000000 0.000000 4.216667
255.000000 0.000000 0.000000 4.233333
256.000000 0.000000 0.000000 4.250000
257.000000 0.000000 0.000000 4.266667
258.000000 0.000000 0.000000 4.283333
259.000000 0.000000 0.000000 4.300000
260.000000 0.000000 0.000000 4.316667
261.000000 0.000000 0.000000 4.333333
262.000000 0.000000 0.000000 4.350000
263.000000 0.000000 0.000000 4.366667
264.000000 0.000000 0.000000 4.383333
265.000000 0.000000 0.000000 4.400000
266.000000 0.000000 0.000000 4.416667
267.000000 0.000000 0.000000 4.433333
268.000000 0.000000 0.000000 4.450000
269.000000 0.000000 0.000000 4.466667
270.000000 0.000000 0.000000 4.483333
271.000000 0.000000 0.000000 4.500000
272.000000 0.000000 0.000000 4.516667
273.000000 0.000000 0.000000 4.533333
274.000000 0.000000 0.000000 4.550000
275.000000 0.000000 0.000000 4.566667
276.000000 0.000000 0.000000 4.583333
277.000000 0.000000 0.000000 4.600000
278.000000 0.000000 0.000000 4.616667
279.000000 0.000000 0.000000 4.633333
280.000000 0.000000 0.000000 4.650000
281.000000 0.000000 0.000000 4.666667
282.000000 0.000000 0.000000 4.683333
283.000000 0.000000 0.000000 4.700000
284.000000 0.000000 0.000000 4.716667
285.000000 0.000000 0.000000 4.733333
286.000000 0.000000 0.000000 4.750000
287.000000 0.000000 0.000000 4.766667
288.000000 0.000000 0.000000 4.783333
289.000000 0.000000 0.000000 4.800000
290.000000 0.000000 0.000000 4.816667
291.000000 0.000000 0.000000 4.833333
292.000000 0.000000 0.000000 4.850000
293.000000 0.000000 0.000000 4.866667
294.000000 0.000000 0.000000 4.883333
295.000000 0.000000 0.000000 4.900000
296.000000 0.000000 0.000000 4.916667
297.000000 0.000000 0.000000 4.933333
298.000000 0.000000 0.000000 4.950000
299.000000 0.000000 0.000000 4.966667
300.000000 0.000000 0.000000 4.983333
301.000000 0.000000 0.000000 5.000000
302.000000 0.000000 0.000000 5.016667
303.000000 0.000000 0.000000 5.033333
304.000000 0.000000 0.000000 5.050000
305.000000 0.000000 0.000000 5.066667
306.000000 0.000000 0.000000 5.083333
307.000000 0.000000 0.000000 5.100000
308.000000 0.000000 0.000000 5.116667
309.000000 0.000000 0.000000 5.133333
310.000000 0.000000 0.000000 5.150000
311.000000 0.000000 0.000000 5.166667
312.000000 0.000000 0.000000 5.183333
313.000000 0.000000 0.000000 5.200000
314.000000 0.000000 0.000000 5.216667
315.000000 0.000000 0.000000 5.233333
316.000000 0.000000 0.000000 5.250000
317.000000 0.000000 0.000000 5.266667
318.000000 0.000000 0.000000 5.283333
319.000000 0.000000 0.000000 5.300000
320.000000 0.000000 0.000000 5.316667
321.000000 0.000000 0.000000 5.333333
322.000000 0.000000 0.000000 5.350000
323.000000 0.000000 0.000000 5.366667
324.000000 0.000000 0.000000 5.383333
325.000000 0.000000 0.000000 5.400000
326.000000 0.000000 0.000000 5.416667
327.000000 0.000000 0.000000 5.433333
328.000000 0.000000 0.000000 5.450000
329.000000 0.000000 0.000000 5.466667
330.000000 0.000000 0.000000 5.483333
331.000000 0.000000 0.000000 5.500000
332.000000 0.000000 0.000000 5.516667
333.000000 0.000000 0.000000 5.533333
334.000000 0.000000 0.000000 5.550000
335.000000 0.000000 0.000000 5.566667
336.000000 0.000000 0.000000 5.583333
337.000000 0.000000 0.000000 5.600000
338.000000 0.000000 0.000000 5.616667
339.000000 0.000000 0.000000 5.633333
340.000000 0.000000 0.000000 5.650000
341.000000 0.000000 0.000000 5.666667
342.000000 0.000000 0.000000 5.683333
343.000000 0.000000 0.000000 5.700000
344.000000 0.000000 0.000000 5.716667
345.000000 0.000000 0.000000 5.733333
346.000000 0.000000 0.000000 5.750000
347.000000 0.000000 0.000000 5.766667
348.000000 0.000000 0.000000 5.783333
349.000000 0.000000 0.000000 5.800000
350.000000 0.000000 0.000000 5.816667
351.000000 0.000000 0.000000 5.833333
352.000000 0.000000 0.000000 5.850000
353.000000 0.000000 0.000000 5.866667
354.000000 0.000000 0.000000 5.883333
355.000000 0.000000 0.000000 5.900000
356.000000 0.000000 0.000000 5.916667
357.000000 0.000000 0.000000 5.933333
358.000000 0.000000 0.000000 5.950000
359.000000 0.000000 0.000000 5.966667
360.000000 0.000000 0.000000 5.983333
361.000000 0.000000 0.000000 6.000000
361
1.000000 0.000000 -0.000000 0.000000
2.000000 0.000000 -0.000000 0.000000
3.000000 0.000000 -0.000000 0.000000
4.000000 0.000000 -0.000000 0.000000
5.000000 0.000000 -0.000000 0.000000
6.000000 0.000000 -0.000000 0.000000
7.000000 0.000000 -0.000000 0.000000
8.000000 0.000000 -0.000000 0.000000
9.000000 0.000000 -0.000000 0.000000
10.000000 0.000000 -0.000000 0.000000
11.000000 0.000000 -0.000000 0.000000
12.000000 0.000000 -0.000000 0.000000
13.000000 0.000000 -0.000000 0.000000
14.000000 0.000000 -0.000000 0.000000
15.000000 0.000000 -0.000000 0.000000
16.000000 0.000000 -0.000000 0.000000
17.000000 0.000000 -0.000000 0.000000
18.000000 0.000000 -0.000000 0.000000
19.000000 0.000000 -0.000000 0.000000
20.000000 0.000000 -0.000000 0.000000
21.000000 0.000000 -0.000000 0.000000
22.000000 0.000000 -0.000000 0.000000
23.000000 0.000000 -0.000000 0.000000
24.000000 0.000000 -0.000000 0.000000
25.000000 0.000000 -0.000000 0.000000
26.000000 0.000000 -0.000000 0.000000
27.000000 0.000000 -0.000000 0.000000
28.000000 0.000000 -0.000000 0.000000
29.000000 0.000000 -0.000000 0.000000
30.000000 0.000000 -0.000000 0.000000
31.000000 0.000000 -0.000000 0.000000
32.000000 0.000000 -0.000000 0.000000
33.000000 0.000000 -0.000000 0.000000
34.000000 0.000000 -0.000000 0.000000
35.000000 0.000000 -0.000000 0.000000
36.000000 0.000000 -0.000000 0.000000
37.000000 0.000000 -0.000000 0.000000
38.000000 0.000000 -0.000000 0.000000
39.000000 0.000000 -0.000000 0.000000
40.000000 0.000000 -0.000000 0.000000
41.000000 0.000000 -0.000000 0.000000
42.000000 0.000000 -0.000000 0.000000
43.000000 0.000000 -0.000000 0.000000
44.000000 0.000000 -0.000000 0.000000
45.000000 0.000000 -0.000000 0.000000
46.000000 0.000000 -0.000000 0.000000
47.000000 0.000000 -0.000000 0.000000
48.000000 0.000000 -0.000000 0.000000
49.000000 0.000000 -0.000000 0.000000
50.000000 0.000000 -0.000000 0.000000
51.000000 0.000000 -0.000000 0.000000
52.000000 0.000000 -0.000000 0.000000
53.000000 0.000000 -0.000000 0.000000
54.000000 0.000000 -0.000000 0.000000
55.000000 0.000000 -0.000000 0.000000
56.000000 0.000000 -0.000000 0.000000
57.000000 0.000000 -0.000000 0.000000
58.000000 0.000000 -0.000000 0.000000
59.000000 0.000000 -0.000000 0.000000
60.000000 0.000000 -0.000000 0.000000
61.000000 0.000000 -0.000000 0.000000
62.000000 0.000000 -0.000000 0.000000
63.000000 0.000000 -0.000000 0.000000
64.000000 0.000000 -0.000000 0.000000
65.000000 0.000000 -0.000000 0.000000
66.000000 0.000000 -0.000000 0.000000
67.000000 0.000000 -0.000000 0.000000
68.000000 0.000000 -0.000000 0.000000
69.000000 0.000000 -0.000000 0.000000
70.000000 0.000000 -0.000000 0.000000
71.000000 0.000000 -0.000000 0.000000
72.000000 0.000000 -0.000000 0.000000
73.000000 0.000000 -0.000000 0.000000
74.000000 0.000000 -0.000000 0.000000
75.000000 0.000000 -0.000000 0.000000
76.000000 0.000000 -0.000000 0.000000
77.000000 0.000000 -0.000000 0.000000
78.000000 0.000000 -0.000000 0.000000
79.000000 0.000000 -0.000000 0.000000
80.000000 0.000000 -0.000000 0.000000
81.000000 0.000000 -0.000000 0.000000
82.000000 0.000000 -0.000000 0.000000
83.000000 0.000000 -0.000000 0.000000
84.000000 0.000000 -0.000000 0.000000
85.000000 0.000000 -0.000000 0.000000
86.000000 0.000000 -0.000000 0.000000
87.000000 0.000000 -0.000000 0.000000
88.000000 0.000000 -0.000000 0.000000
89.000000 0.000000 -0.000000 0.000000
90.000000 0.000000 -0.000000 0.000000
91.000000 0.000000 -0.000000 0.000000
92.000000 0.000000 -0.000000 0.000000
93.000000 0.000000 -0.000000 0.000000
94.000000 0.000000 -0.000000 0.000000
95.000000 0.000000 -0.000000 0.000000
96.000000 0.000000 -0.000000 0.000000
97.000000 0.000000 -0.000000 0.000000
98.000000 0.000000 -0.000000 0.000000
99.000000 0.000000 -0.000000 0.000000
100.000000 0.000000 -0.000000 0.000000
101.000000 0.000000 -0.000000 0.000000
102.000000 0.000000 -0.000000 0.000000
103.000000 0.000000 -0.000000 0.000000
104.000000 0.000000 -0.000000 0.000000
105.000000 0.000000 -0.000000 0.000000
106.000000 0.000000 -0.000000 0.000000
107.000000 0.000000 -0.000000 0.000000
108.000000 0.000000 -0.000000 0.000000
109.000000 0.000000 -0.000000 0.000000
110.000000 0.000000 -0.000000 0.000000
111.000000 0.000000 -0.000000 0.000000
112.000000 0.000000 -0.000000 0.000000
113.000000 0.000000 -0.000000 0.000000
114.000000 0.000000 -0.000000 0.000000
115.000000 0.000000 -0.000000 0.000000
116.000000 0.000000 -0.000000 0.000000
117.000000 0.000000 -0.000000 0.000000
118.000000 0.000000 -0.000000 0.000000
119.000000 0.000000 -0.000000 0.000000
120.000000 0.000000 -0.000000 0.000000
121.000000 0.000000 -0.000000 0.000000
122.000000 0.000000 -0.000000 0.000000
123.000000 0.000000 -0.000000 0.000000
124.000000 0.000000 -0.000000 0.000000
125.000000 0.000000 -0.000000 0.000000
126.000000 0.000000 -0.000000 0.000000
127.000000 0.000000 -0.000000 0.000000
128.000000 0.000000 -0.000000 0.000000
129.000000 0.000000 -0.000000 0.000000
130.000000 0.000000 -0.000000 0.000000
131.000000 0.000000 -0.000000 0.000000
132.000000 0.000000 -0.000000 0.000000
133.000000 0.000000 -0.000000 0.000000
134.000000 0.000000 -0.000000 0.000000
135.000000 0.000000 -0.000000 0.000000
136.000000 0.000000 -0.000000 0.000000
137.000000 0.000000 -0.000000 0.000000
138.000000 0.000000 -0.000000 0.000000
139.000000 0.000000 -0.000000 0.000000
140.000000 0.000000 -0.000000 0.000000
141.000000 0.000000 -0.000000 0.000000
142.000000 0.000000 -0.000000 0.000000
143.000000 0.000000 -0.000000 0.000000
144.000000 0.000000 -0.000000 0.000000
145.000000 0.000000 -0.000000 0.000000
146.000000 0.000000 -0.000000 0.000000
147.000000 0.000000 -0.000000 0.000000
148.000000 0.000000 -0.000000 0.000000
149.000000 0.000000 -0.000000 0.000000
150.000000 0.000000 -0.000000 0.000000
151.000000 0.000000 -0.000000 0.000000
152.000000 0.000000 -0.000000 0.000000
153.000000 0.000000 -0.000000 0.000000
154.000000 0.000000 -0.000000 0.000000
155.000000 0.000000 -0.000000 0.000000
156.000000 0.000000 -0.000000 0.000000
157.000000 0.000000 -0.000000 0.000000
158.000000 0.000000 -0.000000 0.000000
159.000000 0.000000 -0.000000 0.000000
160.000000 0.000000 -0.000000 0.000000
161.000000 0.000000 -0.000000 0.000000
162.000000 0.000000 -0.000000 0.000000
163.000000 0.000000 -0.000000 0.000000
164.000000 0.000000 -0.000000 0.000000
165.000000 0.000000 -0.000000 0.000000
166.000000 0.000000 -0.000000 0.000000
167.000000 0.000000 -0.000000 0.000000
168.000000 0.000000 -0.000000 0.000000
169.000000 0.000000 -0.000000 0.000000
170.000000 0.000000 -0.000000 0.000000
171.000000 0.000000 -0.000000 0.000000
172.000000 0.000000 -0.000000 0.000000
173.000000 0.000000 -0.000000 0.000000
174.000000 0.000000 -0.000000 0.000000
175.000000 0.000000 -0.000000 0.000000
176.000000 0.000000 -0.000000 0.000000
177.000000 0.000000 -0.000000 0.000000
178.000000 0.000000 -0.000000 0.000000
179.000000 0.000000 -0.000000 0.000000
180.000000 0.000000 -0.000000 0.000000
181.000000 0.000000 -0.000000 0.000000
182.000000 0.000000 -0.000000 0.000000
183.000000 0.000000 -0.000000 0.000000
184.000000 0.000000 -0.000000 0.000000
185.000000 0.000000 -0.000000 0.000000
186.000000 0.000000 -0.000000 0.000000
187.000000 0.000000 -0.000000 0.000000
188.000000 0.000000 -0.000000 0.000000
189.000000 0.000000 -0.000000 0.000000
190.000000 0.000000 -0.000000 0.000000
191.000000 0.000000 -0.000000 0.000000
192.000000 0.000000 -0.000000 0.000000
193.000000 0.000000 -0.000000 0.000000
194.000000 0.000000 -0.000000 0.000000
195.000000 0.000000 -0.000000 0.000000
196.000000 0.000000 -0.000000 0.000000
197.000000 0.000000 -0.000000 0.000000
198.000000 0.000000 -0.000000 0.000000
199.000000 0.000000 -0.000000 0.000000
200.000000 0.000000 -0.000000 0.000000
201.000000 0.000000 -0.000000 0.000000
202.000000 0.000000 -0.000000 0.000000
203.000000 0.000000 -0.000000 0.000000
204.000000 0.000000 -0.000000 0.000000
205.000000 0.000000 -0.000000 0.000000
206.000000 0.000000 -0.000000 0.000000
207.000000 0.000000 -0.000000 0.000000
208.000000 0.000000 -0.000000 0.000000
209.000000 0.000000 -0.000000 0.000000
210.000000 0.000000 -0.000000 0.000000
211.000000 0.000000 -0.000000 0.000000
212.000000 0.000000 -0.000000 0.000000
213.000000 0.000000 -0.000000 0.000000
214.000000 0.000000 -0.000000 0.000000
215.000000 0.000000 -0.000000 0.000000
216.000000 0.000000 -0.000000 0.000000
217.000000 0.000000 -0.000000 0.000000
218.000000 0.000000 -0.000000 0.000000
219.000000 0.000000 -0.000000 0.000000
220.000000 0.000000 -0.000000 0.000000
221.000000 0.000000 -0.000000 0.000000
222.000000 0.000000 -0.000000 0.000000
223.000000 0.000000 -0.000000 0.000000
224.000000 0.000000 -0.000000 0.000000
225.000000 0.000000 -0.000000 0.000000
226.000000 0.000000 -0.000000 0.000000
227.000000 0.000000 -0.000000 0.000000
228.000000 0.000000 -0.000000 0.000000
229.000000 0.000000 -0.000000 0.000000
230.000000 0.000000 -0.000000 0.000000
231.000000 0.000000 -0.000000 0.000000
232.000000 0.000000 -0.000000 0.000000
233.000000 0.000000 -0.000000 0.000000
234.000000 0.000000 -0.000000 0.000000
235.000000 0.000000 -0.000000 0.000000
236.000000 0.000000 -0.000000 0.000000
237.000000 0.000000 -0.000000 0.000000
238.000000 0.000000 -0.000000 0.000000
239.000000 0.000000 -0.000000 0.000000
240.000000 0.000000 -0.000000 0.000000
241.000000 0.000000 -0.000000 0.000000
242.000000 0.000000 -0.000000 0.000000
243.000000 0.000000 -0.000000 0.000000
244.000000 0.000000 -0.000000 0.000000
245.000000 0.000000 -0.000000 0.000000
246.000000 0.000000 -0.000000 0.000000
247.000000 0.000000 -0.000000 0.000000
248.000000 0.000000 -0.000000 0.000000
249.000000 0.000000 -0.000000 0.000000
250.000000 0.000000 -0.000000 0.000000
251.000000 0.000000 -0.000000 0.000000
252.000000 0.000000 -0.000000 0.000000
253.000000 0.000000 -0.000000 0.000000
254.000000 0.000000 -0.000000 0.000000
255.000000 0.000000 -0.000000 0.000000
256.000000 0.000000 -0.000000 0.000000
257.000000 0.000000 -0.000000 0.000000
258.000000 0.000000 -0.000000 0.000000
259.000000 0.000000 -0.000000 0.000000
260.000000 0.000000 -0.000000 0.000000
261.000000 0.000000 -0.000000 0.000000
262.000000 0.000000 -0.000000 0.000000
263.000000 0.000000 -0.000000 0.000000
264.000000 0.000000 -0.000000 0.000000
265.000000 0.000000 -0.000000 0.000000
266.000000 0.000000 -0.000000 0.000000
267.000000 0.000000 -0.000000 0.000000
268.000000 0.000000 -0.000000 0.000000
269.000000 0.000000 -0.000000 0.000000
270.000000 0.000000 -0.000000 0.000000
271.000000 0.000000 -0.000000 0.000000
272.000000 0.000000 -0.000000 0.000000
273.000000 0.000000 -0.000000 0.000000
274.000000 0.000000 -0.000000 0.000000
275.000000 0.000000 -0.000000 0.000000
276.000000 0.000000 -0.000000 0.000000
277.000000 0.000000 -0.000000 0.000000
278.000000 0.000000 -0.000000 0.000000
279.000000 0.000000 -0.000000 0.000000
280.000000 0.000000 -0.000000 0.000000
281.000000 0.000000 -0.000000 0.000000
282.000000 0.000000 -0.000000 0.000000
283.000000 0.000000 -0.000000 0.000000
284.000000 0.000000 -0.000000 0.000000
285.000000 0.000000 -0.000000 0.000000
286.000000 0.000000 -0.000000 0.000000
287.000000 0.000000 -0.000000 0.000000
288.000000 0.000000 -0.000000 0.000000
289.000000 0.000000 -0.000000 0.000000
290.000000 0.000000 -0.000000 0.000000
291.000000 0.000000 -0.000000 0.000000
292.000000 0.000000 -0.000000 0.000000
293.000000 0.000000 -0.000000 0.000000
294.000000 0.000000 -0.000000 0.000000
295.000000 0.000000 -0.000000 0.000000
296.000000 0.000000 -0.000000 0.000000
297.000000 0.000000 -0.000000 0.000000
298.000000 0.000000 -0.000000 0.000000
299.000000 0.000000 -0.000000 0.000000
300.000000 0.000000 -0.000000 0.000000
301.000000 0.000000 -0.000000 0.000000
302.000000 0.000000 -0.000000 0.000000
303.000000 0.000000 -0.000000 0.000000
304.000000 0.000000 -0.000000 0.000000
305.000000 0.000000 -0.000000 0.000000
306.000000 0.000000 -0.000000 0.000000
307.000000 0.000000 -0.000000 0.000000
308.000000 0.000000 -0.000000 0.000000
309.000000 0.000000 -0.000000 0.000000
310.000000 0.000000 -0.000000 0.000000
311.000000 0.000000 -0.000000 0.000000
312.000000 0.000000 -0.000000 0.000000
313.000000 0.000000 -0.000000 0.000000
314.000000 0.000000 -0.000000 0.000000
315.000000 0.000000 -0.000000 0.000000
316.000000 0.000000 -0.000000 0.000000
317.000000 0.000000 -0.000000 0.000000
318.000000 0.000000 -0.000000 0.000000
319.000000 0.000000 -0.000000 0.000000
320.000000 0.000000 -0.000000 0.000000
321.000000 0.000000 -0.000000 0.000000
322.000000 0.000000 -0.000000 0.000000
323.000000 0.000000 -0.000000 0.000000
324.000000 0.000000 -0.000000 0.000000
325.000000 0.000000 -0.000000 0.000000
326.000000 0.000000 -0.000000 0.000000
327.000000 0.000000 -0.000000 0.000000
328.000000 0.000000 -0.000000 0.000000
329.000000 0.000000 -0.000000 0.000000
330.000000 0.000000 -0.000000 0.000000
331.000000 0.000000 -0.000000 0.000000
332.000000 0.000000 -0.000000 0.000000
333.000000 0.000000 -0.000000 0.000000
334.000000 0.000000 -0.000000 0.000000
335.000000 0.000000 -0.000000 0.000000
336.000000 0.000000 -0.000000 0.000000
337.000000 0.000000 -0.000000 0.000000
338.000000 0.000000 -0.000000 0.000000
339.000000 0.000000 -0.000000 0.000000
340.000000 0.000000 -0.000000 0.000000
341.000000 0.000000 -0.000000 0.000000
342.000000 0.000000 -0.000000 0.000000
343.000000 0.000000 -0.000000 0.000000
344.000000 0.000000 -0.000000 0.000000
345.000000 0.000000 -0.000000 0.000000
346.000000 0.000000 -0.000000 0.000000
347.000000 0.000000 -0.000000 0.000000
348.000000 0.000000 -0.000000 0.000000
349.000000 0.000000 -0.000000 0.000000
350.000000 0.000000 -0.000000 0.000000
351.000000 0.000000 -0.000000 0.000000
352.000000 0.000000 -0.000000 0.000000
353.000000 0.000000 -0.000000 0.000000
354.000000 0.000000 -0.000000 0.000000
355.000000 0.000000 -0.000000 0.000000
356.000000 0.000000 -0.000000 0.000000
357.000000 0.000000 -0.000000 0.000000
358.000000 0.000000 -0.000000 0.000000
359.000000 0.000000 -0.000000 0.000000
360.000000 0.000000 -0.000000 0.000000
361.000000 0.000000 -0.000000 0.000000
GroupComments: 0
MaterialComments: 0
BoneComments: 0
ModelComment: 0
